# (t) 	 (c tau) 	 (p0) 	 (pzD) 	 (p0FF)
0 	 -0.3 	 0 	 0 	 0
6.66667e-09 	 -0.299 	 0 	 0 	 0
1.33333e-08 	 -0.298 	 0 	 0 	 0
2e-08 	 -0.297 	 0 	 0 	 0
2.66667e-08 	 -0.296 	 0 	 0 	 0
3.33333e-08 	 -0.295 	 0 	 0 	 0
4e-08 	 -0.294 	 0 	 0 	 0
4.66667e-08 	 -0.293 	 0 	 0 	 0
5.33333e-08 	 -0.292 	 0 	 0 	 0
6e-08 	 -0.291 	 0 	 0 	 0
6.66667e-08 	 -0.29 	 0 	 0 	 0
7.33333e-08 	 -0.289 	 0 	 0 	 0
8e-08 	 -0.288 	 0 	 0 	 0
8.66667e-08 	 -0.287 	 0 	 0 	 0
9.33333e-08 	 -0.286 	 0 	 0 	 0
1e-07 	 -0.285 	 0 	 0 	 0
1.06667e-07 	 -0.284 	 0 	 0 	 0
1.13333e-07 	 -0.283 	 0 	 0 	 0
1.2e-07 	 -0.282 	 0 	 0 	 0
1.26667e-07 	 -0.281 	 0 	 0 	 0
1.33333e-07 	 -0.28 	 0 	 0 	 0
1.4e-07 	 -0.279 	 0 	 0 	 0
1.46667e-07 	 -0.278 	 0 	 0 	 0
1.53333e-07 	 -0.277 	 0 	 0 	 0
1.6e-07 	 -0.276 	 0 	 0 	 0
1.66667e-07 	 -0.275 	 0 	 0 	 0
1.73333e-07 	 -0.274 	 0 	 0 	 0
1.8e-07 	 -0.273 	 0 	 0 	 0
1.86667e-07 	 -0.272 	 0 	 0 	 0
1.93333e-07 	 -0.271 	 0 	 0 	 0
2e-07 	 -0.27 	 0 	 0 	 0
2.06667e-07 	 -0.269 	 0 	 0 	 0
2.13333e-07 	 -0.268 	 0 	 0 	 0
2.2e-07 	 -0.267 	 0 	 0 	 0
2.26667e-07 	 -0.266 	 0 	 0 	 0
2.33333e-07 	 -0.265 	 0 	 0 	 0
2.4e-07 	 -0.264 	 0 	 0 	 0
2.46667e-07 	 -0.263 	 0 	 0 	 0
2.53333e-07 	 -0.262 	 0 	 0 	 0
2.6e-07 	 -0.261 	 0 	 0 	 0
2.66667e-07 	 -0.26 	 0 	 0 	 0
2.73333e-07 	 -0.259 	 0 	 0 	 0
2.8e-07 	 -0.258 	 0 	 0 	 0
2.86667e-07 	 -0.257 	 0 	 0 	 0
2.93333e-07 	 -0.256 	 0 	 0 	 0
3e-07 	 -0.255 	 0 	 0 	 0
3.06667e-07 	 -0.254 	 0 	 0 	 0
3.13333e-07 	 -0.253 	 0 	 0 	 0
3.2e-07 	 -0.252 	 0 	 0 	 0
3.26667e-07 	 -0.251 	 0 	 0 	 0
3.33333e-07 	 -0.25 	 0 	 0 	 0
3.4e-07 	 -0.249 	 0 	 0 	 0
3.46667e-07 	 -0.248 	 0 	 0 	 0
3.53333e-07 	 -0.247 	 0 	 0 	 0
3.6e-07 	 -0.246 	 0 	 0 	 0
3.66667e-07 	 -0.245 	 0 	 0 	 0
3.73333e-07 	 -0.244 	 0 	 0 	 0
3.8e-07 	 -0.243 	 0 	 0 	 0
3.86667e-07 	 -0.242 	 0 	 0 	 0
3.93333e-07 	 -0.241 	 0 	 0 	 0
4e-07 	 -0.24 	 0 	 0 	 0
4.06667e-07 	 -0.239 	 0 	 0 	 0
4.13333e-07 	 -0.238 	 0 	 0 	 0
4.2e-07 	 -0.237 	 0 	 0 	 0
4.26667e-07 	 -0.236 	 0 	 0 	 0
4.33333e-07 	 -0.235 	 0 	 0 	 0
4.4e-07 	 -0.234 	 0 	 0 	 0
4.46667e-07 	 -0.233 	 0 	 0 	 0
4.53333e-07 	 -0.232 	 0 	 0 	 0
4.6e-07 	 -0.231 	 0 	 0 	 0
4.66667e-07 	 -0.23 	 0 	 0 	 0
4.73333e-07 	 -0.229 	 0 	 0 	 0
4.8e-07 	 -0.228 	 0 	 0 	 0
4.86667e-07 	 -0.227 	 0 	 0 	 0
4.93333e-07 	 -0.226 	 0 	 0 	 0
5e-07 	 -0.225 	 0 	 0 	 0
5.06667e-07 	 -0.224 	 0 	 0 	 0
5.13333e-07 	 -0.223 	 0 	 0 	 0
5.2e-07 	 -0.222 	 0 	 0 	 0
5.26667e-07 	 -0.221 	 0 	 0 	 0
5.33333e-07 	 -0.22 	 0 	 0 	 0
5.4e-07 	 -0.219 	 0 	 0 	 0
5.46667e-07 	 -0.218 	 0 	 0 	 0
5.53333e-07 	 -0.217 	 0 	 0 	 0
5.6e-07 	 -0.216 	 0 	 0 	 0
5.66667e-07 	 -0.215 	 0 	 0 	 0
5.73333e-07 	 -0.214 	 0 	 0 	 0
5.8e-07 	 -0.213 	 0 	 0 	 0
5.86667e-07 	 -0.212 	 0 	 0 	 0
5.93333e-07 	 -0.211 	 0 	 0 	 0
6e-07 	 -0.21 	 0 	 0 	 0
6.06667e-07 	 -0.209 	 0 	 0 	 0
6.13333e-07 	 -0.208 	 0 	 0 	 0
6.2e-07 	 -0.207 	 0 	 0 	 0
6.26667e-07 	 -0.206 	 0 	 0 	 0
6.33333e-07 	 -0.205 	 0 	 0 	 0
6.4e-07 	 -0.204 	 0 	 0 	 0
6.46667e-07 	 -0.203 	 0 	 0 	 0
6.53333e-07 	 -0.202 	 0 	 0 	 0
6.6e-07 	 -0.201 	 0 	 0 	 0
6.66667e-07 	 -0.2 	 0 	 0 	 0
6.73333e-07 	 -0.199 	 0 	 0 	 0
6.8e-07 	 -0.198 	 0 	 0 	 0
6.86667e-07 	 -0.197 	 0 	 0 	 0
6.93333e-07 	 -0.196 	 0 	 0 	 0
7e-07 	 -0.195 	 0 	 0 	 0
7.06667e-07 	 -0.194 	 0 	 0 	 0
7.13333e-07 	 -0.193 	 0 	 0 	 0
7.2e-07 	 -0.192 	 0 	 0 	 0
7.26667e-07 	 -0.191 	 0 	 0 	 0
7.33333e-07 	 -0.19 	 0 	 0 	 0
7.4e-07 	 -0.189 	 0 	 0 	 0
7.46667e-07 	 -0.188 	 0 	 0 	 0
7.53333e-07 	 -0.187 	 0 	 0 	 0
7.6e-07 	 -0.186 	 0 	 0 	 0
7.66667e-07 	 -0.185 	 0 	 0 	 0
7.73333e-07 	 -0.184 	 0 	 0 	 0
7.8e-07 	 -0.183 	 0 	 0 	 0
7.86667e-07 	 -0.182 	 0 	 0 	 0
7.93333e-07 	 -0.181 	 0 	 0 	 0
8e-07 	 -0.18 	 0 	 0 	 0
8.06667e-07 	 -0.179 	 0 	 0 	 0
8.13333e-07 	 -0.178 	 0 	 0 	 0
8.2e-07 	 -0.177 	 0 	 0 	 0
8.26667e-07 	 -0.176 	 0 	 0 	 0
8.33333e-07 	 -0.175 	 0 	 0 	 0
8.4e-07 	 -0.174 	 0 	 0 	 0
8.46667e-07 	 -0.173 	 0 	 0 	 0
8.53333e-07 	 -0.172 	 0 	 0 	 0
8.6e-07 	 -0.171 	 0 	 0 	 0
8.66667e-07 	 -0.17 	 0 	 0 	 0
8.73333e-07 	 -0.169 	 0 	 0 	 0
8.8e-07 	 -0.168 	 0 	 0 	 0
8.86667e-07 	 -0.167 	 0 	 0 	 0
8.93333e-07 	 -0.166 	 0 	 0 	 0
9e-07 	 -0.165 	 0 	 0 	 0
9.06667e-07 	 -0.164 	 0 	 0 	 0
9.13333e-07 	 -0.163 	 0 	 0 	 0
9.2e-07 	 -0.162 	 0 	 0 	 0
9.26667e-07 	 -0.161 	 0 	 0 	 0
9.33333e-07 	 -0.16 	 0 	 0 	 0
9.4e-07 	 -0.159 	 0 	 0 	 0
9.46667e-07 	 -0.158 	 0 	 0 	 0
9.53333e-07 	 -0.157 	 0 	 0 	 0
9.6e-07 	 -0.156 	 0 	 0 	 0
9.66667e-07 	 -0.155 	 0 	 0 	 0
9.73333e-07 	 -0.154 	 0 	 0 	 0
9.8e-07 	 -0.153 	 0 	 0 	 0
9.86667e-07 	 -0.152 	 0 	 0 	 0
9.93333e-07 	 -0.151 	 0 	 0 	 0
1e-06 	 -0.15 	 0 	 0 	 0
1.00667e-06 	 -0.149 	 0 	 0 	 0
1.01333e-06 	 -0.148 	 0 	 0 	 0
1.02e-06 	 -0.147 	 0 	 0 	 0
1.02667e-06 	 -0.146 	 0 	 0 	 0
1.03333e-06 	 -0.145 	 0 	 0 	 0
1.04e-06 	 -0.144 	 0 	 0 	 0
1.04667e-06 	 -0.143 	 0 	 0 	 0
1.05333e-06 	 -0.142 	 0 	 0 	 0
1.06e-06 	 -0.141 	 0 	 0 	 0
1.06667e-06 	 -0.14 	 0 	 0 	 0
1.07333e-06 	 -0.139 	 0 	 0 	 0
1.08e-06 	 -0.138 	 0 	 0 	 0
1.08667e-06 	 -0.137 	 0 	 0 	 0
1.09333e-06 	 -0.136 	 0 	 0 	 0
1.1e-06 	 -0.135 	 0 	 0 	 0
1.10667e-06 	 -0.134 	 0 	 0 	 0
1.11333e-06 	 -0.133 	 0 	 0 	 0
1.12e-06 	 -0.132 	 0 	 0 	 0
1.12667e-06 	 -0.131 	 0 	 0 	 0
1.13333e-06 	 -0.13 	 0 	 0 	 0
1.14e-06 	 -0.129 	 0 	 0 	 0
1.14667e-06 	 -0.128 	 0 	 0 	 0
1.15333e-06 	 -0.127 	 0 	 0 	 0
1.16e-06 	 -0.126 	 0 	 0 	 0
1.16667e-06 	 -0.125 	 0 	 0 	 0
1.17333e-06 	 -0.124 	 0 	 0 	 0
1.18e-06 	 -0.123 	 0 	 0 	 0
1.18667e-06 	 -0.122 	 0 	 0 	 0
1.19333e-06 	 -0.121 	 0 	 0 	 0
1.2e-06 	 -0.12 	 0 	 0 	 0
1.20667e-06 	 -0.119 	 0 	 0 	 0
1.21333e-06 	 -0.118 	 0 	 0 	 0
1.22e-06 	 -0.117 	 0 	 0 	 0
1.22667e-06 	 -0.116 	 0 	 0 	 0
1.23333e-06 	 -0.115 	 0 	 0 	 0
1.24e-06 	 -0.114 	 0 	 0 	 0
1.24667e-06 	 -0.113 	 0 	 0 	 0
1.25333e-06 	 -0.112 	 0 	 0 	 0
1.26e-06 	 -0.111 	 0 	 0 	 0
1.26667e-06 	 -0.11 	 0 	 0 	 0
1.27333e-06 	 -0.109 	 0 	 0 	 0
1.28e-06 	 -0.108 	 0 	 0 	 0
1.28667e-06 	 -0.107 	 0 	 0 	 0
1.29333e-06 	 -0.106 	 0 	 0 	 0
1.3e-06 	 -0.105 	 0 	 0 	 0
1.30667e-06 	 -0.104 	 0 	 0 	 0
1.31333e-06 	 -0.103 	 0 	 0 	 0
1.32e-06 	 -0.102 	 0 	 0 	 0
1.32667e-06 	 -0.101 	 0 	 0 	 0
1.33333e-06 	 -0.1 	 0 	 0 	 0
1.34e-06 	 -0.099 	 0 	 0 	 0
1.34667e-06 	 -0.098 	 0 	 0 	 0
1.35333e-06 	 -0.097 	 0 	 0 	 0
1.36e-06 	 -0.096 	 0 	 0 	 0
1.36667e-06 	 -0.095 	 0 	 0 	 0
1.37333e-06 	 -0.094 	 0 	 0 	 0
1.38e-06 	 -0.093 	 0 	 0 	 0
1.38667e-06 	 -0.092 	 0 	 0 	 0
1.39333e-06 	 -0.091 	 0 	 0 	 0
1.4e-06 	 -0.09 	 0 	 0 	 0
1.40667e-06 	 -0.089 	 0 	 0 	 0
1.41333e-06 	 -0.088 	 0 	 0 	 0
1.42e-06 	 -0.087 	 0 	 0 	 0
1.42667e-06 	 -0.086 	 0 	 0 	 0
1.43333e-06 	 -0.085 	 0 	 0 	 0
1.44e-06 	 -0.084 	 0 	 0 	 0
1.44667e-06 	 -0.083 	 0 	 0 	 0
1.45333e-06 	 -0.082 	 0 	 0 	 0
1.46e-06 	 -0.081 	 0 	 0 	 0
1.46667e-06 	 -0.08 	 0 	 0 	 0
1.47333e-06 	 -0.079 	 0 	 0 	 0
1.48e-06 	 -0.078 	 0 	 0 	 0
1.48667e-06 	 -0.077 	 0 	 0 	 0
1.49333e-06 	 -0.076 	 0 	 0 	 0
1.5e-06 	 -0.075 	 0 	 0 	 0
1.50667e-06 	 -0.074 	 0 	 0 	 0
1.51333e-06 	 -0.073 	 0 	 0 	 0
1.52e-06 	 -0.072 	 0 	 0 	 0
1.52667e-06 	 -0.071 	 0 	 0 	 0
1.53333e-06 	 -0.07 	 0 	 0 	 0
1.54e-06 	 -0.069 	 0 	 0 	 0
1.54667e-06 	 -0.068 	 0 	 0 	 0
1.55333e-06 	 -0.067 	 0 	 0 	 0
1.56e-06 	 -0.066 	 0 	 0 	 0
1.56667e-06 	 -0.065 	 0 	 0 	 0
1.57333e-06 	 -0.064 	 0 	 0 	 0
1.58e-06 	 -0.063 	 0 	 0 	 0
1.58667e-06 	 -0.062 	 0 	 0 	 0
1.59333e-06 	 -0.061 	 0 	 0 	 0
1.6e-06 	 -0.06 	 0 	 0 	 0
1.60667e-06 	 -0.059 	 0 	 0 	 0
1.61333e-06 	 -0.058 	 0 	 0 	 0
1.62e-06 	 -0.057 	 0 	 0 	 0
1.62667e-06 	 -0.056 	 0 	 0 	 0
1.63333e-06 	 -0.055 	 0 	 0 	 0
1.64e-06 	 -0.054 	 0 	 0 	 0
1.64667e-06 	 -0.053 	 0 	 0 	 0
1.65333e-06 	 -0.052 	 0 	 0 	 0
1.66e-06 	 -0.051 	 0 	 0 	 0
1.66667e-06 	 -0.05 	 0 	 0 	 0
1.67333e-06 	 -0.049 	 0 	 0 	 0
1.68e-06 	 -0.048 	 0 	 0 	 0
1.68667e-06 	 -0.047 	 0 	 0 	 0
1.69333e-06 	 -0.046 	 0 	 0 	 0
1.7e-06 	 -0.045 	 0 	 0 	 0
1.70667e-06 	 -0.044 	 0 	 0 	 0
1.71333e-06 	 -0.043 	 0 	 0 	 0
1.72e-06 	 -0.042 	 0 	 0 	 0
1.72667e-06 	 -0.041 	 0 	 0 	 0
1.73333e-06 	 -0.04 	 0 	 0 	 0
1.74e-06 	 -0.039 	 0 	 0 	 0
1.74667e-06 	 -0.038 	 0 	 0 	 0
1.75333e-06 	 -0.037 	 0 	 0 	 0
1.76e-06 	 -0.036 	 0 	 0 	 0
1.76667e-06 	 -0.035 	 0 	 0 	 0
1.77333e-06 	 -0.034 	 0 	 0 	 0
1.78e-06 	 -0.033 	 0 	 0 	 0
1.78667e-06 	 -0.032 	 0 	 0 	 0
1.79333e-06 	 -0.031 	 0 	 0 	 0
1.8e-06 	 -0.03 	 0 	 0 	 0
1.80667e-06 	 -0.029 	 0 	 0 	 0
1.81333e-06 	 -0.028 	 0 	 0 	 0
1.82e-06 	 -0.027 	 0 	 0 	 0
1.82667e-06 	 -0.026 	 0 	 0 	 0
1.83333e-06 	 -0.025 	 0 	 0 	 0
1.84e-06 	 -0.024 	 0 	 0 	 0
1.84667e-06 	 -0.023 	 0 	 0 	 0
1.85333e-06 	 -0.022 	 0 	 0 	 0
1.86e-06 	 -0.021 	 0 	 0 	 0
1.86667e-06 	 -0.02 	 0 	 0 	 0
1.87333e-06 	 -0.019 	 0 	 0 	 0
1.88e-06 	 -0.018 	 0 	 0 	 0
1.88667e-06 	 -0.017 	 0 	 0 	 0
1.89333e-06 	 -0.016 	 0 	 0 	 0
1.9e-06 	 -0.015 	 0 	 0 	 0
1.90667e-06 	 -0.014 	 0 	 0 	 0
1.91333e-06 	 -0.013 	 0 	 0 	 0
1.92e-06 	 -0.012 	 0 	 0 	 0
1.92667e-06 	 -0.011 	 0 	 0 	 0
1.93333e-06 	 -0.01 	 0 	 0 	 0
1.94e-06 	 -0.009 	 0 	 0 	 0
1.94667e-06 	 -0.008 	 0 	 0 	 0
1.95333e-06 	 -0.007 	 0 	 0 	 0
1.96e-06 	 -0.006 	 0 	 0 	 0
1.96667e-06 	 -0.005 	 0 	 0 	 0
1.97333e-06 	 -0.004 	 0 	 0 	 0
1.98e-06 	 -0.003 	 0 	 0.220224 	 0
1.98667e-06 	 -0.002 	 0 	 0.657166 	 5.77682e-06
1.99333e-06 	 -0.001 	 0 	 1.09572 	 2.87921e-05
2e-06 	 0 	 0.00191163 	 1.53828 	 7.47732e-05
2.00667e-06 	 0.001 	 0.00190895 	 1.74859 	 0.000143867
2.01333e-06 	 0.002 	 0.00190628 	 1.7471 	 0.000230087
2.02e-06 	 0.003 	 0.00190361 	 1.74473 	 0.000321784
2.02667e-06 	 0.004 	 0.00190095 	 1.73484 	 0.000413381
2.03333e-06 	 0.005 	 0.00189829 	 1.74566 	 0.000504655
2.04e-06 	 0.006 	 0.00189564 	 1.75234 	 0.000595954
2.04667e-06 	 0.007 	 0.00189298 	 1.74368 	 0.000687712
2.05333e-06 	 0.008 	 0.00189034 	 1.72937 	 0.000779418
2.06e-06 	 0.009 	 0.00188769 	 1.73037 	 0.000870521
2.06667e-06 	 0.01 	 0.00188505 	 1.72192 	 0.000961276
2.07333e-06 	 0.011 	 0.00188241 	 1.69713 	 0.00105183
2.08e-06 	 0.012 	 0.00187978 	 1.67614 	 0.00114152
2.08667e-06 	 0.013 	 0.00187715 	 1.61603 	 0.00123001
2.09333e-06 	 0.014 	 0.00187452 	 1.57296 	 0.00131637
2.1e-06 	 0.015 	 0.0018719 	 1.54768 	 0.00140002
2.10667e-06 	 0.016 	 0.00186928 	 1.51074 	 0.00148188
2.11333e-06 	 0.017 	 0.00186667 	 1.44288 	 0.0015621
2.12e-06 	 0.018 	 0.00186406 	 1.36536 	 0.00163958
2.12667e-06 	 0.019 	 0.00186145 	 1.31899 	 0.00171325
2.13333e-06 	 0.02 	 0.00185884 	 1.23282 	 0.00178366
2.14e-06 	 0.021 	 0.00185624 	 1.17185 	 0.0018506
2.14667e-06 	 0.022 	 0.00185365 	 1.13512 	 0.00191368
2.15333e-06 	 0.023 	 0.00185105 	 1.05418 	 0.00197419
2.16e-06 	 0.024 	 0.00184846 	 1.00146 	 0.00203162
2.16667e-06 	 0.025 	 0.00184588 	 0.955006 	 0.00208555
2.17333e-06 	 0.026 	 0.00184329 	 0.855367 	 0.00213687
2.18e-06 	 0.027 	 0.00184072 	 0.806879 	 0.00218436
2.18667e-06 	 0.028 	 0.00183814 	 0.743163 	 0.00222796
2.19333e-06 	 0.029 	 0.00183557 	 0.660441 	 0.00226862
2.2e-06 	 0.03 	 0.001833 	 0.637444 	 0.00230544
2.20667e-06 	 0.031 	 0.00183044 	 0.572044 	 0.00233948
2.21333e-06 	 0.032 	 0.00182788 	 0.506225 	 0.00237121
2.22e-06 	 0.033 	 0.00182532 	 0.485537 	 0.00239949
2.22667e-06 	 0.034 	 0.00182276 	 0.449491 	 0.00242551
2.23333e-06 	 0.035 	 0.00182021 	 0.392889 	 0.00245004
2.24e-06 	 0.036 	 0.00181767 	 0.359044 	 0.00247213
2.24667e-06 	 0.037 	 0.00181512 	 0.32008 	 0.00249186
2.25333e-06 	 0.038 	 0.00181259 	 0.235581 	 0.00250967
2.26e-06 	 0.039 	 0.00181005 	 0.201949 	 0.00252425
2.26667e-06 	 0.04 	 0.00180752 	 0.204652 	 0.00253573
2.27333e-06 	 0.041 	 0.00180499 	 0.17294 	 0.00254639
2.28e-06 	 0.042 	 0.00180246 	 0.165431 	 0.0025563
2.28667e-06 	 0.043 	 0.00179994 	 0.120554 	 0.00256517
2.29333e-06 	 0.044 	 0.00179742 	 0.0671499 	 0.00257267
2.3e-06 	 0.045 	 0.00179491 	 0.0382818 	 0.0025776
2.30667e-06 	 0.046 	 0.0017924 	 0.027007 	 0.00258036
2.31333e-06 	 0.047 	 0.00178989 	 0.0282824 	 0.00258208
2.32e-06 	 0.048 	 0.00178739 	 -0.00421245 	 0.00258353
2.32667e-06 	 0.049 	 0.00178489 	 0.0012025 	 0.00258416
2.33333e-06 	 0.05 	 0.00178239 	 -0.0436201 	 0.00258408
2.34e-06 	 0.051 	 0.00177989 	 -0.0781848 	 0.00258297
2.34667e-06 	 0.052 	 0.0017774 	 -0.0620277 	 0.00257977
2.35333e-06 	 0.053 	 0.00177492 	 -0.103215 	 0.00257609
2.36e-06 	 0.054 	 0.00177243 	 -0.0897945 	 0.00257176
2.36667e-06 	 0.055 	 0.00176996 	 -0.0882685 	 0.0025667
2.37333e-06 	 0.056 	 0.00176748 	 -0.101584 	 0.00256203
2.38e-06 	 0.057 	 0.00176501 	 -0.11436 	 0.00255704
2.38667e-06 	 0.058 	 0.00176254 	 -0.138829 	 0.00255138
2.39333e-06 	 0.059 	 0.00176007 	 -0.139753 	 0.00254474
2.4e-06 	 0.06 	 0.00175761 	 -0.147151 	 0.00253743
2.40667e-06 	 0.061 	 0.00175515 	 -0.131707 	 0.00252991
2.41333e-06 	 0.062 	 0.00175269 	 -0.162722 	 0.00252259
2.42e-06 	 0.063 	 0.00175024 	 -0.167795 	 0.00251487
2.42667e-06 	 0.064 	 0.00174779 	 -0.144773 	 0.0025062
2.43333e-06 	 0.065 	 0.00174535 	 -0.1652 	 0.002498
2.44e-06 	 0.066 	 0.00174291 	 -0.164388 	 0.00248987
2.44667e-06 	 0.067 	 0.00174047 	 -0.1656 	 0.00248122
2.45333e-06 	 0.068 	 0.00173803 	 -0.198489 	 0.00247257
2.46e-06 	 0.069 	 0.0017356 	 -0.191655 	 0.00246301
2.46667e-06 	 0.07 	 0.00173317 	 -0.162778 	 0.00245278
2.47333e-06 	 0.071 	 0.00173075 	 -0.170539 	 0.00244348
2.48e-06 	 0.072 	 0.00172833 	 -0.178394 	 0.00243474
2.48667e-06 	 0.073 	 0.00172591 	 -0.196602 	 0.00242559
2.49333e-06 	 0.074 	 0.0017235 	 -0.196706 	 0.00241575
2.5e-06 	 0.075 	 0.00172108 	 -0.180277 	 0.00240543
2.50667e-06 	 0.076 	 0.00171868 	 -0.184701 	 0.00239554
2.51333e-06 	 0.077 	 0.00171627 	 -0.177022 	 0.00238597
2.52e-06 	 0.078 	 0.00171387 	 -0.183583 	 0.00237648
2.52667e-06 	 0.079 	 0.00171147 	 -0.183184 	 0.00236702
2.53333e-06 	 0.08 	 0.00170908 	 -0.190595 	 0.0023574
2.54e-06 	 0.081 	 0.00170669 	 -0.200246 	 0.0023476
2.54667e-06 	 0.082 	 0.0017043 	 -0.181181 	 0.00233734
2.55333e-06 	 0.083 	 0.00170192 	 -0.183357 	 0.00232734
2.56e-06 	 0.084 	 0.00169953 	 -0.175782 	 0.00231778
2.56667e-06 	 0.085 	 0.00169716 	 -0.174681 	 0.00230836
2.57333e-06 	 0.086 	 0.00169478 	 -0.17548 	 0.00229916
2.58e-06 	 0.087 	 0.00169241 	 -0.193439 	 0.00228998
2.58667e-06 	 0.088 	 0.00169004 	 -0.184739 	 0.0022803
2.59333e-06 	 0.089 	 0.00168768 	 -0.174488 	 0.00227038
2.6e-06 	 0.09 	 0.00168532 	 -0.191055 	 0.00226096
2.60667e-06 	 0.091 	 0.00168296 	 -0.178906 	 0.00225137
2.61333e-06 	 0.092 	 0.00168061 	 -0.183446 	 0.00224166
2.62e-06 	 0.093 	 0.00167825 	 -0.170889 	 0.00223216
2.62667e-06 	 0.094 	 0.00167591 	 -0.171058 	 0.00222286
2.63333e-06 	 0.095 	 0.00167356 	 -0.178571 	 0.00221389
2.64e-06 	 0.096 	 0.00167122 	 -0.174085 	 0.00220472
2.64667e-06 	 0.097 	 0.00166888 	 -0.187702 	 0.00219547
2.65333e-06 	 0.098 	 0.00166655 	 -0.167422 	 0.00218598
2.66e-06 	 0.099 	 0.00166422 	 -0.165529 	 0.00217667
2.66667e-06 	 0.1 	 0.00166189 	 -0.175102 	 0.00216793
2.67333e-06 	 0.101 	 0.00165956 	 -0.160571 	 0.002159
2.68e-06 	 0.102 	 0.00165724 	 -0.172252 	 0.00215019
2.68667e-06 	 0.103 	 0.00165492 	 -0.163277 	 0.00214146
2.69333e-06 	 0.104 	 0.00165261 	 -0.158366 	 0.00213266
2.7e-06 	 0.105 	 0.0016503 	 -0.178912 	 0.00212422
2.70667e-06 	 0.106 	 0.00164799 	 -0.171431 	 0.00211538
2.71333e-06 	 0.107 	 0.00164568 	 -0.169076 	 0.00210619
2.72e-06 	 0.108 	 0.00164338 	 -0.16749 	 0.00209725
2.72667e-06 	 0.109 	 0.00164108 	 -0.146952 	 0.00208842
2.73333e-06 	 0.11 	 0.00163878 	 -0.155315 	 0.00208018
2.74e-06 	 0.111 	 0.00163649 	 -0.167674 	 0.00207225
2.74667e-06 	 0.112 	 0.0016342 	 -0.16048 	 0.00206377
2.75333e-06 	 0.113 	 0.00163192 	 -0.160039 	 0.00205517
2.76e-06 	 0.114 	 0.00162963 	 -0.173045 	 0.00204676
2.76667e-06 	 0.115 	 0.00162735 	 -0.166026 	 0.00203802
2.77333e-06 	 0.116 	 0.00162508 	 -0.151406 	 0.00202913
2.78e-06 	 0.117 	 0.0016228 	 -0.148056 	 0.0020208
2.78667e-06 	 0.118 	 0.00162053 	 -0.13876 	 0.00201295
2.79333e-06 	 0.119 	 0.00161826 	 -0.140893 	 0.00200542
2.8e-06 	 0.12 	 0.001616 	 -0.15723 	 0.00199809
2.80667e-06 	 0.121 	 0.00161374 	 -0.16576 	 0.00199027
2.81333e-06 	 0.122 	 0.00161148 	 -0.149954 	 0.00198179
2.82e-06 	 0.123 	 0.00160923 	 -0.151976 	 0.00197351
2.82667e-06 	 0.124 	 0.00160698 	 -0.13628 	 0.00196559
2.83333e-06 	 0.125 	 0.00160473 	 -0.139971 	 0.00195803
2.84e-06 	 0.126 	 0.00160248 	 -0.157034 	 0.00195078
2.84667e-06 	 0.127 	 0.00160024 	 -0.14609 	 0.00194299
2.85333e-06 	 0.128 	 0.001598 	 -0.162412 	 0.00193504
2.86e-06 	 0.129 	 0.00159577 	 -0.143156 	 0.00192695
2.86667e-06 	 0.13 	 0.00159353 	 -0.140019 	 0.00191893
2.87333e-06 	 0.131 	 0.0015913 	 -0.154533 	 0.0019115
2.88e-06 	 0.132 	 0.00158908 	 -0.137019 	 0.00190378
2.88667e-06 	 0.133 	 0.00158686 	 -0.131665 	 0.00189613
2.89333e-06 	 0.134 	 0.00158464 	 -0.142071 	 0.00188908
2.9e-06 	 0.135 	 0.00158242 	 -0.14051 	 0.0018819
2.90667e-06 	 0.136 	 0.0015802 	 -0.135684 	 0.00187449
2.91333e-06 	 0.137 	 0.00157799 	 -0.153422 	 0.00186724
2.92e-06 	 0.138 	 0.00157579 	 -0.137474 	 0.00185966
2.92667e-06 	 0.139 	 0.00157358 	 -0.123772 	 0.00185203
2.93333e-06 	 0.14 	 0.00157138 	 -0.13357 	 0.00184518
2.94e-06 	 0.141 	 0.00156918 	 -0.133699 	 0.00183843
2.94667e-06 	 0.142 	 0.00156699 	 -0.147491 	 0.00183142
2.95333e-06 	 0.143 	 0.00156479 	 -0.138794 	 0.00182404
2.96e-06 	 0.144 	 0.0015626 	 -0.139556 	 0.00181653
2.96667e-06 	 0.145 	 0.00156042 	 -0.133587 	 0.00180923
2.97333e-06 	 0.146 	 0.00155824 	 -0.114945 	 0.00180206
2.98e-06 	 0.147 	 0.00155606 	 -0.123966 	 0.00179554
2.98667e-06 	 0.148 	 0.00155388 	 -0.126734 	 0.00178928
2.99333e-06 	 0.149 	 0.0015517 	 -0.125012 	 0.0017827
3e-06 	 0.15 	 0.00154953 	 -0.132827 	 0.0017761
3.00667e-06 	 0.151 	 0.00154737 	 -0.133258 	 0.00176933
3.01333e-06 	 0.152 	 0.0015452 	 -0.126344 	 0.00176235
3.02e-06 	 0.153 	 0.00154304 	 -0.132374 	 0.00175554
3.02667e-06 	 0.154 	 0.00154088 	 -0.128255 	 0.00174876
3.03333e-06 	 0.155 	 0.00153873 	 -0.136998 	 0.00174192
3.04e-06 	 0.156 	 0.00153657 	 -0.124656 	 0.00173496
3.04667e-06 	 0.157 	 0.00153442 	 -0.111021 	 0.0017281
3.05333e-06 	 0.158 	 0.00153228 	 -0.108798 	 0.00172192
3.06e-06 	 0.159 	 0.00153013 	 -0.113349 	 0.00171615
3.06667e-06 	 0.16 	 0.00152799 	 -0.137144 	 0.00171032
3.07333e-06 	 0.161 	 0.00152585 	 -0.127741 	 0.00170375
3.08e-06 	 0.162 	 0.00152372 	 -0.127585 	 0.0016968
3.08667e-06 	 0.163 	 0.00152159 	 -0.119931 	 0.00169011
3.09333e-06 	 0.164 	 0.00151946 	 -0.105894 	 0.00168361
3.1e-06 	 0.165 	 0.00151733 	 -0.123345 	 0.00167769
3.10667e-06 	 0.166 	 0.00151521 	 -0.124129 	 0.00167168
3.11333e-06 	 0.167 	 0.00151309 	 -0.11601 	 0.00166519
3.12e-06 	 0.168 	 0.00151097 	 -0.111593 	 0.00165889
3.12667e-06 	 0.169 	 0.00150886 	 -0.117774 	 0.00165292
3.13333e-06 	 0.17 	 0.00150675 	 -0.115937 	 0.0016469
3.14e-06 	 0.171 	 0.00150464 	 -0.108953 	 0.00164077
3.14667e-06 	 0.172 	 0.00150254 	 -0.125128 	 0.00163487
3.15333e-06 	 0.173 	 0.00150043 	 -0.112689 	 0.00162873
3.16e-06 	 0.174 	 0.00149833 	 -0.107625 	 0.00162249
3.16667e-06 	 0.175 	 0.00149624 	 -0.121745 	 0.00161671
3.17333e-06 	 0.176 	 0.00149415 	 -0.110471 	 0.0016107
3.18e-06 	 0.177 	 0.00149205 	 -0.107555 	 0.0016046
3.18667e-06 	 0.178 	 0.00148997 	 -0.120049 	 0.00159888
3.19333e-06 	 0.179 	 0.00148788 	 -0.104298 	 0.00159291
3.2e-06 	 0.18 	 0.0014858 	 -0.101831 	 0.00158703
3.20667e-06 	 0.181 	 0.00148372 	 -0.115182 	 0.00158162
3.21333e-06 	 0.182 	 0.00148165 	 -0.101623 	 0.00157593
3.22e-06 	 0.183 	 0.00147957 	 -0.10987 	 0.00157024
3.22667e-06 	 0.184 	 0.0014775 	 -0.124624 	 0.00156469
3.23333e-06 	 0.185 	 0.00147544 	 -0.108178 	 0.00155854
3.24e-06 	 0.186 	 0.00147337 	 -0.103114 	 0.00155244
3.24667e-06 	 0.187 	 0.00147131 	 -0.102631 	 0.00154689
3.25333e-06 	 0.188 	 0.00146925 	 -0.0933033 	 0.0015415
3.26e-06 	 0.189 	 0.0014672 	 -0.107992 	 0.00153636
3.26667e-06 	 0.19 	 0.00146515 	 -0.105734 	 0.00153108
3.27333e-06 	 0.191 	 0.0014631 	 -0.0999374 	 0.00152547
3.28e-06 	 0.192 	 0.00146105 	 -0.108816 	 0.00152008
3.28667e-06 	 0.193 	 0.001459 	 -0.099497 	 0.0015146
3.29333e-06 	 0.194 	 0.00145696 	 -0.103985 	 0.00150914
3.3e-06 	 0.195 	 0.00145492 	 -0.112849 	 0.0015038
3.30667e-06 	 0.196 	 0.00145289 	 -0.103036 	 0.00149811
3.31333e-06 	 0.197 	 0.00145086 	 1.03367 	 0.00149245
3.32e-06 	 0.198 	 0.00144883 	 3.26698 	 0.00151686
3.32667e-06 	 0.199 	 0.0014468 	 5.48972 	 0.00162967
3.33333e-06 	 0.2 	 0.0112434 	 7.66116 	 0.00185937
3.34e-06 	 0.201 	 0.0111204 	 8.65867 	 0.00220434
3.34667e-06 	 0.202 	 0.0109987 	 8.55579 	 0.00263244
3.35333e-06 	 0.203 	 0.0108784 	 8.45516 	 0.003084
3.36e-06 	 0.204 	 0.0107594 	 8.35532 	 0.00353022
3.36667e-06 	 0.205 	 0.0106417 	 8.19182 	 0.00397119
3.37333e-06 	 0.206 	 0.0105253 	 7.97971 	 0.00440524
3.38e-06 	 0.207 	 0.0104101 	 7.66348 	 0.00482945
3.38667e-06 	 0.208 	 0.0102962 	 7.237 	 0.00523979
3.39333e-06 	 0.209 	 0.0101836 	 6.84818 	 0.00563066
3.4e-06 	 0.21 	 0.0100722 	 6.33707 	 0.00600013
3.40667e-06 	 0.211 	 0.00996199 	 5.73359 	 0.006346
3.41333e-06 	 0.212 	 0.00985301 	 5.21514 	 0.00666263
3.42e-06 	 0.213 	 0.00974522 	 4.62808 	 0.00694984
3.42667e-06 	 0.214 	 0.00963861 	 4.05945 	 0.00720804
3.43333e-06 	 0.215 	 0.00953317 	 3.58387 	 0.00743593
3.44e-06 	 0.216 	 0.00942888 	 3.03836 	 0.00763642
3.44667e-06 	 0.217 	 0.00932573 	 2.61344 	 0.00781013
3.45333e-06 	 0.218 	 0.00922371 	 2.12327 	 0.00795839
3.46e-06 	 0.219 	 0.0091228 	 1.64318 	 0.00808264
3.46667e-06 	 0.22 	 0.009023 	 1.36214 	 0.00818144
3.47333e-06 	 0.221 	 0.00892429 	 0.932354 	 0.00826028
3.48e-06 	 0.222 	 0.00882667 	 0.651526 	 0.00832046
3.48667e-06 	 0.223 	 0.0087301 	 0.383945 	 0.00836201
3.49333e-06 	 0.224 	 0.0086346 	 -0.00927761 	 0.00838917
3.5e-06 	 0.225 	 0.00854014 	 -0.202756 	 0.008399
3.50667e-06 	 0.226 	 0.00844671 	 -0.397913 	 0.00839344
3.51333e-06 	 0.227 	 0.00835431 	 -0.624142 	 0.00837768
3.52e-06 	 0.228 	 0.00826291 	 -0.720898 	 0.00835087
3.52667e-06 	 0.229 	 0.00817252 	 -0.912103 	 0.00831559
3.53333e-06 	 0.23 	 0.00808311 	 -1.11937 	 0.00827275
3.54e-06 	 0.231 	 0.00799469 	 -1.12609 	 0.00821947
3.54667e-06 	 0.232 	 0.00790723 	 -1.2085 	 0.00816056
3.55333e-06 	 0.233 	 0.00782073 	 -1.29991 	 0.00809932
3.56e-06 	 0.234 	 0.00773517 	 -1.3842 	 0.00803352
3.56667e-06 	 0.235 	 0.00765055 	 -1.4922 	 0.00796312
3.57333e-06 	 0.236 	 0.00756685 	 -1.53452 	 0.00788766
3.58e-06 	 0.237 	 0.00748407 	 -1.61253 	 0.00780827
3.58667e-06 	 0.238 	 0.0074022 	 -1.54789 	 0.00772572
3.59333e-06 	 0.239 	 0.00732122 	 -1.53274 	 0.00764281
3.6e-06 	 0.24 	 0.00724113 	 -1.65763 	 0.007562
3.60667e-06 	 0.241 	 0.00716191 	 -1.62359 	 0.00747831
3.61333e-06 	 0.242 	 0.00708357 	 -1.63418 	 0.00739224
3.62e-06 	 0.243 	 0.00700607 	 -1.66995 	 0.00730679
3.62667e-06 	 0.244 	 0.00692943 	 -1.67207 	 0.00722011
3.63333e-06 	 0.245 	 0.00685362 	 -1.69898 	 0.00713245
3.64e-06 	 0.246 	 0.00677865 	 -1.668 	 0.00704402
3.64667e-06 	 0.247 	 0.00670449 	 -1.64212 	 0.0069557
3.65333e-06 	 0.248 	 0.00663114 	 -1.58227 	 0.00686887
3.66e-06 	 0.249 	 0.0065586 	 -1.55284 	 0.00678429
3.66667e-06 	 0.25 	 0.00648685 	 -1.61678 	 0.00670205
3.67333e-06 	 0.251 	 0.00641589 	 -1.61658 	 0.00661891
3.68e-06 	 0.252 	 0.0063457 	 -1.58405 	 0.00653409
3.68667e-06 	 0.253 	 0.00627628 	 -1.56729 	 0.00645013
3.69333e-06 	 0.254 	 0.00620762 	 -1.51494 	 0.00636747
3.7e-06 	 0.255 	 0.00613971 	 -1.50738 	 0.00628662
3.70667e-06 	 0.256 	 0.00607254 	 -1.51041 	 0.00620734
3.71333e-06 	 0.257 	 0.00600611 	 -1.49442 	 0.00612818
3.72e-06 	 0.258 	 0.00594041 	 -1.5198 	 0.00604935
3.72667e-06 	 0.259 	 0.00587542 	 -1.47557 	 0.00597029
3.73333e-06 	 0.26 	 0.00581114 	 -1.44439 	 0.00589171
3.74e-06 	 0.261 	 0.00574757 	 -1.42492 	 0.00581512
3.74667e-06 	 0.262 	 0.00568469 	 -1.34482 	 0.00573985
3.75333e-06 	 0.263 	 0.00562251 	 -1.36804 	 0.0056672
3.76e-06 	 0.264 	 0.005561 	 -1.40888 	 0.00559603
3.76667e-06 	 0.265 	 0.00550016 	 -1.38287 	 0.00552319
3.77333e-06 	 0.266 	 0.00543999 	 -1.35286 	 0.00544996
3.78e-06 	 0.267 	 0.00538048 	 -1.35298 	 0.0053782
3.78667e-06 	 0.268 	 0.00532162 	 -1.2735 	 0.00530722
3.79333e-06 	 0.269 	 0.0052634 	 -1.25853 	 0.00523832
3.8e-06 	 0.27 	 0.00520582 	 -1.33044 	 0.0051719
3.80667e-06 	 0.271 	 0.00514887 	 -1.24776 	 0.00510399
3.81333e-06 	 0.272 	 0.00509254 	 -1.18954 	 0.00503636
3.82e-06 	 0.273 	 0.00503683 	 -1.21509 	 0.00497243
3.82667e-06 	 0.274 	 0.00498173 	 -1.17819 	 0.00490935
3.83333e-06 	 0.275 	 0.00492723 	 -1.17491 	 0.00484657
3.84e-06 	 0.276 	 0.00487333 	 -1.22436 	 0.00478484
3.84667e-06 	 0.277 	 0.00482002 	 -1.18188 	 0.00472191
3.85333e-06 	 0.278 	 0.00476729 	 -1.11147 	 0.00465879
3.86e-06 	 0.279 	 0.00471513 	 -1.13273 	 0.00459863
3.86667e-06 	 0.28 	 0.00466355 	 -1.11381 	 0.00453976
3.87333e-06 	 0.281 	 0.00461253 	 -1.05582 	 0.00448083
3.88e-06 	 0.282 	 0.00456207 	 -1.10355 	 0.00442392
3.88667e-06 	 0.283 	 0.00451217 	 -1.08401 	 0.00436727
3.89333e-06 	 0.284 	 0.0044628 	 -1.055 	 0.00430989
3.9e-06 	 0.285 	 0.00441398 	 -1.09005 	 0.00425378
3.90667e-06 	 0.286 	 0.00436569 	 -1.01247 	 0.00419751
3.91333e-06 	 0.287 	 0.00431794 	 -0.987657 	 0.00414236
3.92e-06 	 0.288 	 0.0042707 	 -1.00462 	 0.00408989
3.92667e-06 	 0.289 	 0.00422398 	 -0.959794 	 0.00403763
3.93333e-06 	 0.29 	 0.00417777 	 -0.960667 	 0.0039861
3.94e-06 	 0.291 	 0.00413207 	 -0.985516 	 0.00393573
3.94667e-06 	 0.292 	 0.00408686 	 -1.39679 	 0.00388468
3.95333e-06 	 0.293 	 0.00404215 	 -2.27331 	 0.00382218
3.96e-06 	 0.294 	 0.00399793 	 -3.20483 	 0.00372591
3.96667e-06 	 0.295 	 0 	 -4.03539 	 0.00358221
3.97333e-06 	 0.296 	 0 	 -4.44808 	 0.00339229
3.98e-06 	 0.297 	 0 	 -4.42317 	 0.00316975
3.98667e-06 	 0.298 	 0 	 -4.33465 	 0.00293705
3.99333e-06 	 0.299 	 0 	 -4.27122 	 0.00270732
4e-06 	 0.3 	 0 	 -4.15475 	 0.00248157
4.00667e-06 	 0.301 	 0 	 -3.99083 	 0.00226055
4.01333e-06 	 0.302 	 0 	 -3.78477 	 0.00204687
4.02e-06 	 0.303 	 0 	 -3.54129 	 0.00184291
4.02667e-06 	 0.304 	 0 	 -3.3019 	 0.00165073
4.03333e-06 	 0.305 	 0 	 -3.05547 	 0.00147123
4.04e-06 	 0.306 	 0 	 -2.78731 	 0.00130446
4.04667e-06 	 0.307 	 0 	 -2.5133 	 0.0011512
4.05333e-06 	 0.308 	 0 	 -2.25482 	 0.00101215
4.06e-06 	 0.309 	 0 	 -2.01596 	 0.000887079
4.06667e-06 	 0.31 	 0 	 -1.80569 	 0.00077505
4.07333e-06 	 0.311 	 0 	 -1.60677 	 0.000674802
4.08e-06 	 0.312 	 0 	 -1.41718 	 0.000585288
4.08667e-06 	 0.313 	 0 	 -1.24302 	 0.000505965
4.09333e-06 	 0.314 	 0 	 -1.08221 	 0.000436184
4.1e-06 	 0.315 	 0 	 -0.946293 	 0.00037519
4.10667e-06 	 0.316 	 0 	 -0.822293 	 0.000321979
4.11333e-06 	 0.317 	 0 	 -0.713635 	 0.000275586
4.12e-06 	 0.318 	 0 	 -0.613767 	 0.000235296
4.12667e-06 	 0.319 	 0 	 -0.532523 	 0.000200476
4.13333e-06 	 0.32 	 0 	 -0.458486 	 0.000170407
4.14e-06 	 0.321 	 0 	 -0.386141 	 0.000144412
4.14667e-06 	 0.322 	 0 	 -0.33564 	 0.000122256
4.15333e-06 	 0.323 	 0 	 -0.284022 	 0.000103322
4.16e-06 	 0.324 	 0 	 -0.239534 	 8.70677e-05
4.16667e-06 	 0.325 	 0 	 -0.206971 	 7.3334e-05
4.17333e-06 	 0.326 	 0 	 -0.173137 	 6.16215e-05
4.18e-06 	 0.327 	 0 	 -0.146647 	 5.16507e-05
4.18667e-06 	 0.328 	 0 	 -0.124745 	 4.32623e-05
4.19333e-06 	 0.329 	 0 	 -0.103893 	 3.61432e-05
4.2e-06 	 0.33 	 0 	 -0.0878269 	 3.01457e-05
4.20667e-06 	 0.331 	 0 	 -0.0733252 	 2.51166e-05
4.21333e-06 	 0.332 	 0 	 -0.0613308 	 2.08893e-05
4.22e-06 	 0.333 	 0 	 -0.0518091 	 1.73571e-05
4.22667e-06 	 0.334 	 0 	 -0.0427662 	 1.43892e-05
4.23333e-06 	 0.335 	 0 	 -0.0355152 	 1.19084e-05
4.24e-06 	 0.336 	 0 	 -0.0295864 	 9.85492e-06
4.24667e-06 	 0.337 	 0 	 -0.0246897 	 8.1472e-06
4.25333e-06 	 0.338 	 0 	 -0.0206117 	 6.72345e-06
4.26e-06 	 0.339 	 0 	 -0.0170341 	 5.53513e-06
4.26667e-06 	 0.34 	 0 	 -0.0140605 	 4.54762e-06
4.27333e-06 	 0.341 	 0 	 -0.011611 	 3.73196e-06
4.28e-06 	 0.342 	 0 	 -0.0095336 	 3.05856e-06
4.28667e-06 	 0.343 	 0 	 -0.00786265 	 2.5039e-06
4.29333e-06 	 0.344 	 0 	 -0.00650066 	 2.04757e-06
4.3e-06 	 0.345 	 0 	 -0.00535913 	 1.6708e-06
4.30667e-06 	 0.346 	 0 	 -0.00438866 	 1.3597e-06
4.31333e-06 	 0.347 	 0 	 -0.00356983 	 1.104e-06
4.32e-06 	 0.348 	 0 	 -0.00291064 	 8.95238e-07
4.32667e-06 	 0.349 	 0 	 -0.00237791 	 7.25245e-07
4.33333e-06 	 0.35 	 0 	 -0.00195047 	 5.86518e-07
4.34e-06 	 0.351 	 0 	 -0.00159944 	 4.72978e-07
4.34667e-06 	 0.352 	 0 	 -0.00130869 	 3.79858e-07
4.35333e-06 	 0.353 	 0 	 -0.00105976 	 3.03573e-07
4.36e-06 	 0.354 	 0 	 -0.000853894 	 2.41445e-07
4.36667e-06 	 0.355 	 0 	 -0.000688721 	 1.91247e-07
4.37333e-06 	 0.356 	 0 	 -0.000561488 	 1.50782e-07
4.38e-06 	 0.357 	 0 	 -0.000454047 	 1.17987e-07
4.38667e-06 	 0.358 	 0 	 -0.000366696 	 9.13481e-08
4.39333e-06 	 0.359 	 0 	 -0.000297423 	 6.98187e-08
4.4e-06 	 0.36 	 0 	 -0.000238562 	 5.23979e-08
4.40667e-06 	 0.361 	 0 	 -0.000193673 	 3.83382e-08
4.41333e-06 	 0.362 	 0 	 -0.000153166 	 2.7e-08
4.42e-06 	 0.363 	 0 	 -0.000116639 	 1.79019e-08
4.42667e-06 	 0.364 	 0 	 -7.93408e-05 	 1.08244e-08
4.43333e-06 	 0.365 	 0 	 -4.50728e-05 	 5.68358e-09
4.44e-06 	 0.366 	 0 	 -1.95202e-05 	 2.42002e-09
4.44667e-06 	 0.367 	 0 	 0 	 7.25644e-10
4.45333e-06 	 0.368 	 0 	 0 	 2.13599e-10
4.46e-06 	 0.369 	 0 	 0 	 2.13599e-10
# MSE  -0.3 1.08644590568e-06
