# (t) 	 (c tau) 	 (p0) 	 (pzD) 	 (p0FF)
0 	 -0.3 	 0 	 0 	 0
6.66667e-09 	 -0.299 	 0 	 0 	 0
1.33333e-08 	 -0.298 	 0 	 0 	 0
2e-08 	 -0.297 	 0 	 0 	 0
2.66667e-08 	 -0.296 	 0 	 0 	 0
3.33333e-08 	 -0.295 	 0 	 0 	 0
4e-08 	 -0.294 	 0 	 0 	 0
4.66667e-08 	 -0.293 	 0 	 0 	 0
5.33333e-08 	 -0.292 	 0 	 0 	 0
6e-08 	 -0.291 	 0 	 0 	 0
6.66667e-08 	 -0.29 	 0 	 0 	 0
7.33333e-08 	 -0.289 	 0 	 0 	 0
8e-08 	 -0.288 	 0 	 0 	 0
8.66667e-08 	 -0.287 	 0 	 0 	 0
9.33333e-08 	 -0.286 	 0 	 0 	 0
1e-07 	 -0.285 	 0 	 0 	 0
1.06667e-07 	 -0.284 	 0 	 0 	 0
1.13333e-07 	 -0.283 	 0 	 0 	 0
1.2e-07 	 -0.282 	 0 	 0 	 0
1.26667e-07 	 -0.281 	 0 	 0 	 0
1.33333e-07 	 -0.28 	 0 	 0 	 0
1.4e-07 	 -0.279 	 0 	 0 	 0
1.46667e-07 	 -0.278 	 0 	 0 	 0
1.53333e-07 	 -0.277 	 0 	 0 	 0
1.6e-07 	 -0.276 	 0 	 0 	 0
1.66667e-07 	 -0.275 	 0 	 0 	 0
1.73333e-07 	 -0.274 	 0 	 0 	 0
1.8e-07 	 -0.273 	 0 	 0 	 0
1.86667e-07 	 -0.272 	 0 	 0 	 0
1.93333e-07 	 -0.271 	 0 	 0 	 0
2e-07 	 -0.27 	 0 	 0 	 0
2.06667e-07 	 -0.269 	 0 	 0 	 0
2.13333e-07 	 -0.268 	 0 	 0 	 0
2.2e-07 	 -0.267 	 0 	 0 	 0
2.26667e-07 	 -0.266 	 0 	 0 	 0
2.33333e-07 	 -0.265 	 0 	 0 	 0
2.4e-07 	 -0.264 	 0 	 0 	 0
2.46667e-07 	 -0.263 	 0 	 0 	 0
2.53333e-07 	 -0.262 	 0 	 0 	 0
2.6e-07 	 -0.261 	 0 	 0 	 0
2.66667e-07 	 -0.26 	 0 	 0 	 0
2.73333e-07 	 -0.259 	 0 	 0 	 0
2.8e-07 	 -0.258 	 0 	 0 	 0
2.86667e-07 	 -0.257 	 0 	 0 	 0
2.93333e-07 	 -0.256 	 0 	 0 	 0
3e-07 	 -0.255 	 0 	 0 	 0
3.06667e-07 	 -0.254 	 0 	 0 	 0
3.13333e-07 	 -0.253 	 0 	 0 	 0
3.2e-07 	 -0.252 	 0 	 0 	 0
3.26667e-07 	 -0.251 	 0 	 0 	 0
3.33333e-07 	 -0.25 	 0 	 0 	 0
3.4e-07 	 -0.249 	 0 	 0 	 0
3.46667e-07 	 -0.248 	 0 	 0 	 0
3.53333e-07 	 -0.247 	 0 	 0 	 0
3.6e-07 	 -0.246 	 0 	 0 	 0
3.66667e-07 	 -0.245 	 0 	 0 	 0
3.73333e-07 	 -0.244 	 0 	 0 	 0
3.8e-07 	 -0.243 	 0 	 0 	 0
3.86667e-07 	 -0.242 	 0 	 0 	 0
3.93333e-07 	 -0.241 	 0 	 0 	 0
4e-07 	 -0.24 	 0 	 0 	 0
4.06667e-07 	 -0.239 	 0 	 0 	 0
4.13333e-07 	 -0.238 	 0 	 0 	 0
4.2e-07 	 -0.237 	 0 	 0 	 0
4.26667e-07 	 -0.236 	 0 	 0 	 0
4.33333e-07 	 -0.235 	 0 	 0 	 0
4.4e-07 	 -0.234 	 0 	 0 	 0
4.46667e-07 	 -0.233 	 0 	 0 	 0
4.53333e-07 	 -0.232 	 0 	 0 	 0
4.6e-07 	 -0.231 	 0 	 0 	 0
4.66667e-07 	 -0.23 	 0 	 0 	 0
4.73333e-07 	 -0.229 	 0 	 0 	 0
4.8e-07 	 -0.228 	 0 	 0 	 0
4.86667e-07 	 -0.227 	 0 	 0 	 0
4.93333e-07 	 -0.226 	 0 	 0 	 0
5e-07 	 -0.225 	 0 	 0 	 0
5.06667e-07 	 -0.224 	 0 	 0 	 0
5.13333e-07 	 -0.223 	 0 	 0 	 0
5.2e-07 	 -0.222 	 0 	 0 	 0
5.26667e-07 	 -0.221 	 0 	 0 	 0
5.33333e-07 	 -0.22 	 0 	 0 	 0
5.4e-07 	 -0.219 	 0 	 0 	 0
5.46667e-07 	 -0.218 	 0 	 0 	 0
5.53333e-07 	 -0.217 	 0 	 0 	 0
5.6e-07 	 -0.216 	 0 	 0 	 0
5.66667e-07 	 -0.215 	 0 	 0 	 0
5.73333e-07 	 -0.214 	 0 	 0 	 0
5.8e-07 	 -0.213 	 0 	 0 	 0
5.86667e-07 	 -0.212 	 0 	 0 	 0
5.93333e-07 	 -0.211 	 0 	 0 	 0
6e-07 	 -0.21 	 0 	 0 	 0
6.06667e-07 	 -0.209 	 0 	 0 	 0
6.13333e-07 	 -0.208 	 0 	 0 	 0
6.2e-07 	 -0.207 	 0 	 0 	 0
6.26667e-07 	 -0.206 	 0 	 0 	 0
6.33333e-07 	 -0.205 	 0 	 0 	 0
6.4e-07 	 -0.204 	 0 	 0 	 0
6.46667e-07 	 -0.203 	 0 	 0 	 0
6.53333e-07 	 -0.202 	 0 	 0 	 0
6.6e-07 	 -0.201 	 0 	 0 	 0
6.66667e-07 	 -0.2 	 0 	 0 	 0
6.73333e-07 	 -0.199 	 0 	 0 	 0
6.8e-07 	 -0.198 	 0 	 0 	 0
6.86667e-07 	 -0.197 	 0 	 0 	 0
6.93333e-07 	 -0.196 	 0 	 0 	 0
7e-07 	 -0.195 	 0 	 0 	 0
7.06667e-07 	 -0.194 	 0 	 0 	 0
7.13333e-07 	 -0.193 	 0 	 0 	 0
7.2e-07 	 -0.192 	 0 	 0 	 0
7.26667e-07 	 -0.191 	 0 	 0 	 0
7.33333e-07 	 -0.19 	 0 	 0 	 0
7.4e-07 	 -0.189 	 0 	 0 	 0
7.46667e-07 	 -0.188 	 0 	 0 	 0
7.53333e-07 	 -0.187 	 0 	 0 	 0
7.6e-07 	 -0.186 	 0 	 0 	 0
7.66667e-07 	 -0.185 	 0 	 0 	 0
7.73333e-07 	 -0.184 	 0 	 0 	 0
7.8e-07 	 -0.183 	 0 	 0 	 0
7.86667e-07 	 -0.182 	 0 	 0 	 0
7.93333e-07 	 -0.181 	 0 	 0 	 0
8e-07 	 -0.18 	 0 	 0 	 0
8.06667e-07 	 -0.179 	 0 	 0 	 0
8.13333e-07 	 -0.178 	 0 	 0 	 0
8.2e-07 	 -0.177 	 0 	 0 	 0
8.26667e-07 	 -0.176 	 0 	 0 	 0
8.33333e-07 	 -0.175 	 0 	 0 	 0
8.4e-07 	 -0.174 	 0 	 0 	 0
8.46667e-07 	 -0.173 	 0 	 0 	 0
8.53333e-07 	 -0.172 	 0 	 0 	 0
8.6e-07 	 -0.171 	 0 	 0 	 0
8.66667e-07 	 -0.17 	 0 	 0 	 0
8.73333e-07 	 -0.169 	 0 	 0 	 0
8.8e-07 	 -0.168 	 0 	 0 	 0
8.86667e-07 	 -0.167 	 0 	 0 	 0
8.93333e-07 	 -0.166 	 0 	 0 	 0
9e-07 	 -0.165 	 0 	 0 	 0
9.06667e-07 	 -0.164 	 0 	 0 	 0
9.13333e-07 	 -0.163 	 0 	 0 	 0
9.2e-07 	 -0.162 	 0 	 0 	 0
9.26667e-07 	 -0.161 	 0 	 0 	 0
9.33333e-07 	 -0.16 	 0 	 0 	 0
9.4e-07 	 -0.159 	 0 	 0 	 0
9.46667e-07 	 -0.158 	 0 	 0 	 0
9.53333e-07 	 -0.157 	 0 	 0 	 0
9.6e-07 	 -0.156 	 0 	 0 	 0
9.66667e-07 	 -0.155 	 0 	 0 	 0
9.73333e-07 	 -0.154 	 0 	 0 	 0
9.8e-07 	 -0.153 	 0 	 0 	 0
9.86667e-07 	 -0.152 	 0 	 0 	 0
9.93333e-07 	 -0.151 	 0 	 0 	 0
1e-06 	 -0.15 	 0 	 0 	 0
1.00667e-06 	 -0.149 	 0 	 0 	 0
1.01333e-06 	 -0.148 	 0 	 0 	 0
1.02e-06 	 -0.147 	 0 	 0 	 0
1.02667e-06 	 -0.146 	 0 	 0 	 0
1.03333e-06 	 -0.145 	 0 	 0 	 0
1.04e-06 	 -0.144 	 0 	 0 	 0
1.04667e-06 	 -0.143 	 0 	 0 	 0
1.05333e-06 	 -0.142 	 0 	 0 	 0
1.06e-06 	 -0.141 	 0 	 0 	 0
1.06667e-06 	 -0.14 	 0 	 0 	 0
1.07333e-06 	 -0.139 	 0 	 0 	 0
1.08e-06 	 -0.138 	 0 	 0 	 0
1.08667e-06 	 -0.137 	 0 	 0 	 0
1.09333e-06 	 -0.136 	 0 	 0 	 0
1.1e-06 	 -0.135 	 0 	 0 	 0
1.10667e-06 	 -0.134 	 0 	 0 	 0
1.11333e-06 	 -0.133 	 0 	 0 	 0
1.12e-06 	 -0.132 	 0 	 0 	 0
1.12667e-06 	 -0.131 	 0 	 0 	 0
1.13333e-06 	 -0.13 	 0 	 0 	 0
1.14e-06 	 -0.129 	 0 	 0 	 0
1.14667e-06 	 -0.128 	 0 	 0 	 0
1.15333e-06 	 -0.127 	 0 	 0 	 0
1.16e-06 	 -0.126 	 0 	 0 	 0
1.16667e-06 	 -0.125 	 0 	 0 	 0
1.17333e-06 	 -0.124 	 0 	 0 	 0
1.18e-06 	 -0.123 	 0 	 0 	 0
1.18667e-06 	 -0.122 	 0 	 0 	 0
1.19333e-06 	 -0.121 	 0 	 0 	 0
1.2e-06 	 -0.12 	 0 	 0 	 0
1.20667e-06 	 -0.119 	 0 	 0 	 0
1.21333e-06 	 -0.118 	 0 	 0 	 0
1.22e-06 	 -0.117 	 0 	 0 	 0
1.22667e-06 	 -0.116 	 0 	 0 	 0
1.23333e-06 	 -0.115 	 0 	 0 	 0
1.24e-06 	 -0.114 	 0 	 0 	 0
1.24667e-06 	 -0.113 	 0 	 0 	 0
1.25333e-06 	 -0.112 	 0 	 0 	 0
1.26e-06 	 -0.111 	 0 	 0 	 0
1.26667e-06 	 -0.11 	 0 	 0 	 0
1.27333e-06 	 -0.109 	 0 	 0 	 0
1.28e-06 	 -0.108 	 0 	 0 	 0
1.28667e-06 	 -0.107 	 0 	 0 	 0
1.29333e-06 	 -0.106 	 0 	 0 	 0
1.3e-06 	 -0.105 	 0 	 0 	 0
1.30667e-06 	 -0.104 	 0 	 0 	 0
1.31333e-06 	 -0.103 	 0 	 0 	 0
1.32e-06 	 -0.102 	 0 	 0 	 0
1.32667e-06 	 -0.101 	 0 	 0 	 0
1.33333e-06 	 -0.1 	 0 	 0 	 0
1.34e-06 	 -0.099 	 0 	 0 	 0
1.34667e-06 	 -0.098 	 0 	 0 	 0
1.35333e-06 	 -0.097 	 0 	 0 	 0
1.36e-06 	 -0.096 	 0 	 0 	 0
1.36667e-06 	 -0.095 	 0 	 0 	 0
1.37333e-06 	 -0.094 	 0 	 0 	 0
1.38e-06 	 -0.093 	 0 	 0 	 0
1.38667e-06 	 -0.092 	 0 	 0 	 0
1.39333e-06 	 -0.091 	 0 	 0 	 0
1.4e-06 	 -0.09 	 0 	 0 	 0
1.40667e-06 	 -0.089 	 0 	 0 	 0
1.41333e-06 	 -0.088 	 0 	 0 	 0
1.42e-06 	 -0.087 	 0 	 0 	 0
1.42667e-06 	 -0.086 	 0 	 0 	 0
1.43333e-06 	 -0.085 	 0 	 0 	 0
1.44e-06 	 -0.084 	 0 	 0 	 0
1.44667e-06 	 -0.083 	 0 	 0 	 0
1.45333e-06 	 -0.082 	 0 	 0 	 0
1.46e-06 	 -0.081 	 0 	 0 	 0
1.46667e-06 	 -0.08 	 0 	 0 	 0
1.47333e-06 	 -0.079 	 0 	 0 	 0
1.48e-06 	 -0.078 	 0 	 0 	 0
1.48667e-06 	 -0.077 	 0 	 0 	 0
1.49333e-06 	 -0.076 	 0 	 0 	 0
1.5e-06 	 -0.075 	 0 	 0 	 0
1.50667e-06 	 -0.074 	 0 	 0 	 0
1.51333e-06 	 -0.073 	 0 	 0 	 0
1.52e-06 	 -0.072 	 0 	 0 	 0
1.52667e-06 	 -0.071 	 0 	 0 	 0
1.53333e-06 	 -0.07 	 0 	 0 	 0
1.54e-06 	 -0.069 	 0 	 0 	 0
1.54667e-06 	 -0.068 	 0 	 0 	 0
1.55333e-06 	 -0.067 	 0 	 0 	 0
1.56e-06 	 -0.066 	 0 	 0 	 0
1.56667e-06 	 -0.065 	 0 	 0 	 0
1.57333e-06 	 -0.064 	 0 	 0 	 0
1.58e-06 	 -0.063 	 0 	 0 	 0
1.58667e-06 	 -0.062 	 0 	 0 	 0
1.59333e-06 	 -0.061 	 0 	 0 	 0
1.6e-06 	 -0.06 	 0 	 0 	 0
1.60667e-06 	 -0.059 	 0 	 0 	 0
1.61333e-06 	 -0.058 	 0 	 0 	 0
1.62e-06 	 -0.057 	 0 	 0 	 0
1.62667e-06 	 -0.056 	 0 	 0 	 0
1.63333e-06 	 -0.055 	 0 	 0 	 0
1.64e-06 	 -0.054 	 0 	 0 	 0
1.64667e-06 	 -0.053 	 0 	 0 	 0
1.65333e-06 	 -0.052 	 0 	 0 	 0
1.66e-06 	 -0.051 	 0 	 0 	 0
1.66667e-06 	 -0.05 	 0 	 0 	 0
1.67333e-06 	 -0.049 	 0 	 0 	 0
1.68e-06 	 -0.048 	 0 	 0 	 0
1.68667e-06 	 -0.047 	 0 	 0 	 0
1.69333e-06 	 -0.046 	 0 	 0 	 0
1.7e-06 	 -0.045 	 0 	 0 	 0
1.70667e-06 	 -0.044 	 0 	 0 	 0
1.71333e-06 	 -0.043 	 0 	 0 	 0
1.72e-06 	 -0.042 	 0 	 0 	 0
1.72667e-06 	 -0.041 	 0 	 0 	 0
1.73333e-06 	 -0.04 	 0 	 0 	 0
1.74e-06 	 -0.039 	 0 	 0 	 0
1.74667e-06 	 -0.038 	 0 	 0 	 0
1.75333e-06 	 -0.037 	 0 	 0 	 0
1.76e-06 	 -0.036 	 0 	 0 	 0
1.76667e-06 	 -0.035 	 0 	 0 	 0
1.77333e-06 	 -0.034 	 0 	 0 	 0
1.78e-06 	 -0.033 	 0 	 0 	 0
1.78667e-06 	 -0.032 	 0 	 0 	 0
1.79333e-06 	 -0.031 	 0 	 0 	 0
1.8e-06 	 -0.03 	 0 	 0 	 0
1.80667e-06 	 -0.029 	 0 	 0 	 0
1.81333e-06 	 -0.028 	 0 	 0 	 0
1.82e-06 	 -0.027 	 0 	 0 	 0
1.82667e-06 	 -0.026 	 0 	 0 	 0
1.83333e-06 	 -0.025 	 0 	 0 	 0
1.84e-06 	 -0.024 	 0 	 0 	 0
1.84667e-06 	 -0.023 	 0 	 0 	 0
1.85333e-06 	 -0.022 	 0 	 0 	 0
1.86e-06 	 -0.021 	 0 	 0 	 0
1.86667e-06 	 -0.02 	 0 	 0 	 0
1.87333e-06 	 -0.019 	 0 	 0 	 0
1.88e-06 	 -0.018 	 0 	 0 	 0
1.88667e-06 	 -0.017 	 0 	 0 	 0
1.89333e-06 	 -0.016 	 0 	 0 	 0
1.9e-06 	 -0.015 	 0 	 0 	 0
1.90667e-06 	 -0.014 	 0 	 0 	 0
1.91333e-06 	 -0.013 	 0 	 0 	 0
1.92e-06 	 -0.012 	 0 	 0 	 0
1.92667e-06 	 -0.011 	 0 	 0 	 0
1.93333e-06 	 -0.01 	 0 	 0 	 0
1.94e-06 	 -0.009 	 0 	 0 	 0
1.94667e-06 	 -0.008 	 0 	 0 	 0
1.95333e-06 	 -0.007 	 0 	 0 	 0
1.96e-06 	 -0.006 	 0 	 0 	 0
1.96667e-06 	 -0.005 	 0 	 0 	 0
1.97333e-06 	 -0.004 	 0 	 0 	 0
1.98e-06 	 -0.003 	 0 	 0.220224 	 0
1.98667e-06 	 -0.002 	 0 	 0.657166 	 1.08895e-05
1.99333e-06 	 -0.001 	 0 	 1.09572 	 5.42739e-05
2e-06 	 0 	 0.00201302 	 1.53828 	 0.000140949
2.00667e-06 	 0.001 	 0.0020102 	 1.74859 	 0.000271193
2.01333e-06 	 0.002 	 0.00200739 	 1.7466 	 0.00043372
2.02e-06 	 0.003 	 0.00200458 	 1.73898 	 0.000606547
2.02667e-06 	 0.004 	 0.00200177 	 1.71103 	 0.0007789
2.03333e-06 	 0.005 	 0.00199897 	 1.68392 	 0.000949493
2.04e-06 	 0.006 	 0.00199618 	 1.62813 	 0.00111736
2.04667e-06 	 0.007 	 0.00199338 	 1.53555 	 0.00128114
2.05333e-06 	 0.008 	 0.0019906 	 1.42137 	 0.00143757
2.06e-06 	 0.009 	 0.00198781 	 1.31247 	 0.00158378
2.06667e-06 	 0.01 	 0.00198503 	 1.19477 	 0.00171896
2.07333e-06 	 0.011 	 0.00198225 	 1.06943 	 0.00184294
2.08e-06 	 0.012 	 0.00197948 	 0.957677 	 0.0019549
2.08667e-06 	 0.013 	 0.00197671 	 0.824788 	 0.00205513
2.09333e-06 	 0.014 	 0.00197394 	 0.720613 	 0.00214327
2.1e-06 	 0.015 	 0.00197118 	 0.638841 	 0.00221969
2.10667e-06 	 0.016 	 0.00196842 	 0.556039 	 0.00228691
2.11333e-06 	 0.017 	 0.00196567 	 0.472295 	 0.00234599
2.12e-06 	 0.018 	 0.00196292 	 0.378527 	 0.00239684
2.12667e-06 	 0.019 	 0.00196017 	 0.315999 	 0.00243891
2.13333e-06 	 0.02 	 0.00195743 	 0.25054 	 0.00247325
2.14e-06 	 0.021 	 0.00195469 	 0.192474 	 0.00250126
2.14667e-06 	 0.022 	 0.00195196 	 0.163891 	 0.00252317
2.15333e-06 	 0.023 	 0.00194923 	 0.116579 	 0.00254079
2.16e-06 	 0.024 	 0.0019465 	 0.0831787 	 0.00255466
2.16667e-06 	 0.025 	 0.00194378 	 0.0718351 	 0.00256454
2.17333e-06 	 0.026 	 0.00194106 	 0.0222611 	 0.0025722
2.18e-06 	 0.027 	 0.00193834 	 0.00311135 	 0.00257686
2.18667e-06 	 0.028 	 0.00193563 	 -0.0228933 	 0.00257811
2.19333e-06 	 0.029 	 0.00193292 	 -0.0620317 	 0.00257713
2.2e-06 	 0.03 	 0.00193022 	 -0.0440322 	 0.00257293
2.20667e-06 	 0.031 	 0.00192752 	 -0.054749 	 0.00256769
2.21333e-06 	 0.032 	 0.00192482 	 -0.0759172 	 0.0025628
2.22e-06 	 0.033 	 0.00192213 	 -0.0680852 	 0.00255634
2.22667e-06 	 0.034 	 0.00191944 	 -0.0737717 	 0.00254922
2.23333e-06 	 0.035 	 0.00191676 	 -0.0946099 	 0.00254221
2.24e-06 	 0.036 	 0.00191407 	 -0.0914518 	 0.00253388
2.24667e-06 	 0.037 	 0.0019114 	 -0.0892667 	 0.00252468
2.25333e-06 	 0.038 	 0.00190872 	 -0.119562 	 0.00251575
2.26e-06 	 0.039 	 0.00190605 	 -0.110902 	 0.00250542
2.26667e-06 	 0.04 	 0.00190338 	 -0.0903269 	 0.00249402
2.27333e-06 	 0.041 	 0.00190072 	 -0.105762 	 0.00248407
2.28e-06 	 0.042 	 0.00189806 	 -0.0928906 	 0.00247438
2.28667e-06 	 0.043 	 0.00189541 	 -0.0986155 	 0.00246455
2.29333e-06 	 0.044 	 0.00189276 	 -0.116003 	 0.00245509
2.3e-06 	 0.045 	 0.00189011 	 -0.106751 	 0.00244447
2.30667e-06 	 0.046 	 0.00188746 	 -0.108062 	 0.00243346
2.31333e-06 	 0.047 	 0.00188482 	 -0.110073 	 0.00242284
2.32e-06 	 0.048 	 0.00188219 	 -0.103799 	 0.00241205
2.32667e-06 	 0.049 	 0.00187955 	 -0.0936551 	 0.00240148
2.33333e-06 	 0.05 	 0.00187692 	 -0.117028 	 0.00239171
2.34e-06 	 0.051 	 0.0018743 	 -0.115684 	 0.00238129
2.34667e-06 	 0.052 	 0.00187167 	 -0.100964 	 0.00236979
2.35333e-06 	 0.053 	 0.00186906 	 -0.117039 	 0.00235907
2.36e-06 	 0.054 	 0.00186644 	 -0.0958172 	 0.00234829
2.36667e-06 	 0.055 	 0.00186383 	 -0.0927478 	 0.00233777
2.37333e-06 	 0.056 	 0.00186122 	 -0.105366 	 0.00232845
2.38e-06 	 0.057 	 0.00185862 	 -0.0988368 	 0.00231865
2.38667e-06 	 0.058 	 0.00185602 	 -0.101998 	 0.00230855
2.39333e-06 	 0.059 	 0.00185342 	 -0.101654 	 0.00229862
2.4e-06 	 0.06 	 0.00185083 	 -0.095267 	 0.00228855
2.40667e-06 	 0.061 	 0.00184824 	 -0.0948334 	 0.00227881
2.41333e-06 	 0.062 	 0.00184565 	 -0.105481 	 0.00226941
2.42e-06 	 0.063 	 0.00184307 	 -0.104937 	 0.00225951
2.42667e-06 	 0.064 	 0.00184049 	 -0.0952495 	 0.0022491
2.43333e-06 	 0.065 	 0.00183792 	 -0.096914 	 0.00223921
2.44e-06 	 0.066 	 0.00183535 	 -0.0894329 	 0.0022297
2.44667e-06 	 0.067 	 0.00183278 	 -0.0874906 	 0.00222049
2.45333e-06 	 0.068 	 0.00183022 	 -0.106228 	 0.00221174
2.46e-06 	 0.069 	 0.00182765 	 -0.0991046 	 0.00220216
2.46667e-06 	 0.07 	 0.0018251 	 -0.0906411 	 0.00219201
2.47333e-06 	 0.071 	 0.00182254 	 -0.0927265 	 0.00218263
2.48e-06 	 0.072 	 0.00181999 	 -0.0874924 	 0.00217356
2.48667e-06 	 0.073 	 0.00181745 	 -0.101142 	 0.00216465
2.49333e-06 	 0.074 	 0.00181491 	 -0.100484 	 0.00215532
2.5e-06 	 0.075 	 0.00181237 	 -0.0863552 	 0.00214535
2.50667e-06 	 0.076 	 0.00180983 	 -0.0887669 	 0.00213611
2.51333e-06 	 0.077 	 0.0018073 	 -0.0841989 	 0.00212745
2.52e-06 	 0.078 	 0.00180477 	 -0.0859148 	 0.0021189
2.52667e-06 	 0.079 	 0.00180225 	 -0.0924699 	 0.00211049
2.53333e-06 	 0.08 	 0.00179972 	 -0.0954125 	 0.00210167
2.54e-06 	 0.081 	 0.00179721 	 -0.0891615 	 0.00209238
2.54667e-06 	 0.082 	 0.00179469 	 -0.0861768 	 0.00208325
2.55333e-06 	 0.083 	 0.00179218 	 -0.0880362 	 0.00207458
2.56e-06 	 0.084 	 0.00178967 	 -0.0821121 	 0.00206597
2.56667e-06 	 0.085 	 0.00178717 	 -0.0841502 	 0.00205755
2.57333e-06 	 0.086 	 0.00178467 	 -0.0791671 	 0.00204933
2.58e-06 	 0.087 	 0.00178217 	 -0.0853255 	 0.00204126
2.58667e-06 	 0.088 	 0.00177968 	 -0.0805568 	 0.00203312
2.59333e-06 	 0.089 	 0.00177719 	 -0.081104 	 0.00202492
2.6e-06 	 0.09 	 0.0017747 	 -0.0954853 	 0.00201693
2.60667e-06 	 0.091 	 0.00177222 	 -0.0846765 	 0.0020082
2.61333e-06 	 0.092 	 0.00176974 	 -0.0833969 	 0.00199929
2.62e-06 	 0.093 	 0.00176727 	 -0.0779819 	 0.00199098
2.62667e-06 	 0.094 	 0.00176479 	 -0.0764939 	 0.001983
2.63333e-06 	 0.095 	 0.00176232 	 -0.0816294 	 0.00197536
2.64e-06 	 0.096 	 0.00175986 	 -0.0817318 	 0.00196754
2.64667e-06 	 0.097 	 0.0017574 	 -0.0886064 	 0.00195946
2.65333e-06 	 0.098 	 0.00175494 	 -0.0773278 	 0.00195104
2.66e-06 	 0.099 	 0.00175248 	 -0.0764791 	 0.00194283
2.66667e-06 	 0.1 	 0.00175003 	 -0.0786541 	 0.00193523
2.67333e-06 	 0.101 	 0.00174758 	 -0.0689074 	 0.00192756
2.68e-06 	 0.102 	 0.00174514 	 -0.0755123 	 0.00192026
2.68667e-06 	 0.103 	 0.0017427 	 -0.0738079 	 0.00191312
2.69333e-06 	 0.104 	 0.00174026 	 -0.0780136 	 0.00190574
2.7e-06 	 0.105 	 0.00173782 	 1.18905 	 0.00189823
2.70667e-06 	 0.106 	 0.00173539 	 3.75314 	 0.00195317
2.71333e-06 	 0.107 	 0.00173296 	 6.25891 	 0.00219754
2.72e-06 	 0.108 	 0.0134672 	 8.73811 	 0.00269261
2.72667e-06 	 0.109 	 0.0133199 	 9.91099 	 0.00343417
2.73333e-06 	 0.11 	 0.0131742 	 9.70388 	 0.00435632
2.74e-06 	 0.111 	 0.01303 	 9.35909 	 0.00532622
2.74667e-06 	 0.112 	 0.0128875 	 8.75843 	 0.00626883
2.75333e-06 	 0.113 	 0.0127465 	 7.99243 	 0.00716469
2.76e-06 	 0.114 	 0.0126071 	 7.08882 	 0.00799297
2.76667e-06 	 0.115 	 0.0124691 	 6.14379 	 0.0087387
2.77333e-06 	 0.116 	 0.0123327 	 5.28646 	 0.00939301
2.78e-06 	 0.117 	 0.0121978 	 4.32599 	 0.0099582
2.78667e-06 	 0.118 	 0.0120644 	 3.44903 	 0.0104335
2.79333e-06 	 0.119 	 0.0119324 	 2.64645 	 0.010818
2.8e-06 	 0.12 	 0.0118019 	 1.88645 	 0.0111194
2.80667e-06 	 0.121 	 0.0116727 	 1.33451 	 0.0113435
2.81333e-06 	 0.122 	 0.011545 	 0.828635 	 0.0115028
2.82e-06 	 0.123 	 0.0114187 	 0.414457 	 0.0116097
2.82667e-06 	 0.124 	 0.0112938 	 0.0376716 	 0.0116712
2.83333e-06 	 0.125 	 0.0111703 	 -0.29563 	 0.0116936
2.84e-06 	 0.126 	 0.0110481 	 -0.536363 	 0.0116808
2.84667e-06 	 0.127 	 0.0109272 	 -0.771199 	 0.0116397
2.85333e-06 	 0.128 	 0.0108077 	 -0.895914 	 0.011575
2.86e-06 	 0.129 	 0.0106894 	 -0.964186 	 0.0114926
2.86667e-06 	 0.13 	 0.0105725 	 -1.12226 	 0.0114006
2.87333e-06 	 0.131 	 0.0104568 	 -1.22647 	 0.0112974
2.88e-06 	 0.132 	 0.0103424 	 -1.24977 	 0.0111813
2.88667e-06 	 0.133 	 0.0102293 	 -1.29201 	 0.0110589
2.89333e-06 	 0.134 	 0.0101174 	 -1.32672 	 0.0109332
2.9e-06 	 0.135 	 0.0100067 	 -1.31672 	 0.0108037
2.90667e-06 	 0.136 	 0.00989725 	 -1.34114 	 0.010673
2.91333e-06 	 0.137 	 0.00978897 	 -1.39674 	 0.0105415
2.92e-06 	 0.138 	 0.00968189 	 -1.34558 	 0.0104062
2.92667e-06 	 0.139 	 0.00957597 	 -1.31293 	 0.0102706
2.93333e-06 	 0.14 	 0.00947121 	 -1.30909 	 0.0101391
2.94e-06 	 0.141 	 0.0093676 	 -1.2959 	 0.0100095
2.94667e-06 	 0.142 	 0.00926512 	 -1.33765 	 0.00988065
2.95333e-06 	 0.143 	 0.00916376 	 -1.33291 	 0.00975043
2.96e-06 	 0.144 	 0.00906351 	 -1.31249 	 0.00961837
2.96667e-06 	 0.145 	 0.00896436 	 -1.27711 	 0.00948757
2.97333e-06 	 0.146 	 0.00886629 	 -1.2252 	 0.00935952
2.98e-06 	 0.147 	 0.0087693 	 -1.20045 	 0.00923578
2.98667e-06 	 0.148 	 0.00867336 	 -1.19776 	 0.00911584
2.99333e-06 	 0.149 	 0.00857848 	 -1.2124 	 0.00899726
3e-06 	 0.15 	 0.00848463 	 -1.191 	 0.00887808
3.00667e-06 	 0.151 	 0.00839181 	 -1.19362 	 0.00875924
3.01333e-06 	 0.152 	 0.00830001 	 -1.18249 	 0.00864133
3.02e-06 	 0.153 	 0.00820921 	 -1.13343 	 0.00852384
3.02667e-06 	 0.154 	 0.0081194 	 -1.13879 	 0.00840932
3.03333e-06 	 0.155 	 0.00803058 	 -1.13527 	 0.00829697
3.04e-06 	 0.156 	 0.00794273 	 -1.07814 	 0.00818452
3.04667e-06 	 0.157 	 0.00785584 	 -1.06532 	 0.00807507
3.05333e-06 	 0.158 	 0.0077699 	 -1.02923 	 0.00796909
3.06e-06 	 0.159 	 0.0076849 	 -1.02562 	 0.00786552
3.06667e-06 	 0.16 	 0.00760082 	 -1.08769 	 0.00776391
3.07333e-06 	 0.161 	 0.00751767 	 -1.0562 	 0.00765941
3.08e-06 	 0.162 	 0.00743543 	 -1.01657 	 0.0075534
3.08667e-06 	 0.163 	 0.00735409 	 -0.992535 	 0.00745091
3.09333e-06 	 0.164 	 0.00727364 	 -0.950599 	 0.00735157
3.1e-06 	 0.165 	 0.00719407 	 -0.951587 	 0.00725548
3.10667e-06 	 0.166 	 0.00711537 	 -0.96776 	 0.00716143
3.11333e-06 	 0.167 	 0.00703753 	 -0.949731 	 0.00706652
3.12e-06 	 0.168 	 0.00696054 	 -0.908339 	 0.0069717
3.12667e-06 	 0.169 	 0.00688439 	 -0.939546 	 0.00687983
3.13333e-06 	 0.17 	 0.00680908 	 -0.925112 	 0.00678846
3.14e-06 	 0.171 	 0.00673459 	 -0.856102 	 0.00669625
3.14667e-06 	 0.172 	 0.00666091 	 -0.897467 	 0.00660818
3.15333e-06 	 0.173 	 0.00658805 	 -0.862269 	 0.00652147
3.16e-06 	 0.174 	 0.00651597 	 -0.832983 	 0.00643446
3.16667e-06 	 0.175 	 0.00644469 	 -0.883995 	 0.00635063
3.17333e-06 	 0.176 	 0.00637419 	 -0.847221 	 0.00626573
3.18e-06 	 0.177 	 0.00630446 	 -0.808291 	 0.00618013
3.18667e-06 	 0.178 	 0.00623549 	 -0.809304 	 0.00609827
3.19333e-06 	 0.179 	 0.00616727 	 -0.782866 	 0.00601828
3.2e-06 	 0.18 	 0.0060998 	 -0.77289 	 0.00593955
3.20667e-06 	 0.181 	 0.00603307 	 -0.789833 	 0.00586262
3.21333e-06 	 0.182 	 0.00596707 	 -0.7618 	 0.00578535
3.22e-06 	 0.183 	 0.0059018 	 -0.75914 	 0.00570863
3.22667e-06 	 0.184 	 0.00583723 	 -0.771532 	 0.00563342
3.23333e-06 	 0.185 	 0.00577337 	 -0.7371 	 0.00555773
3.24e-06 	 0.186 	 0.00571022 	 -0.722725 	 0.00548314
3.24667e-06 	 0.187 	 0.00564775 	 -0.71197 	 0.00541095
3.25333e-06 	 0.188 	 0.00558596 	 -0.684351 	 0.00534001
3.26e-06 	 0.189 	 0.00552485 	 -0.693827 	 0.00527097
3.26667e-06 	 0.19 	 0.00546441 	 -0.690216 	 0.00520282
3.27333e-06 	 0.191 	 0.00540463 	 -0.671298 	 0.00513438
3.28e-06 	 0.192 	 0.00534551 	 -0.676676 	 0.00506706
3.28667e-06 	 0.193 	 0.00528703 	 -0.652423 	 0.00500041
3.29333e-06 	 0.194 	 0.00522919 	 -0.660353 	 0.00493469
3.3e-06 	 0.195 	 0.00517199 	 -0.667086 	 0.00486977
3.30667e-06 	 0.196 	 0.00511541 	 -0.625815 	 0.00480414
3.31333e-06 	 0.197 	 0.00505944 	 -0.613631 	 0.0047402
3.32e-06 	 0.198 	 0.0050041 	 -0.611039 	 0.00467892
3.32667e-06 	 0.199 	 0.00494935 	 -0.586811 	 0.00461836
3.33333e-06 	 0.2 	 0.00489521 	 -1.10888 	 0.00455913
3.34e-06 	 0.201 	 0.00484166 	 -2.16059 	 0.00447528
3.34667e-06 	 0.202 	 0.00478869 	 -3.15715 	 0.00431362
3.35333e-06 	 0.203 	 0 	 -4.14395 	 0.00405067
3.36e-06 	 0.204 	 0 	 -4.58506 	 0.00368965
3.36667e-06 	 0.205 	 0 	 -4.41059 	 0.00325803
3.37333e-06 	 0.206 	 0 	 -4.1443 	 0.00281322
3.38e-06 	 0.207 	 0 	 -3.79604 	 0.0023902
3.38667e-06 	 0.208 	 0 	 -3.35277 	 0.00199758
3.39333e-06 	 0.209 	 0 	 -2.88159 	 0.00164409
3.4e-06 	 0.21 	 0 	 -2.43802 	 0.00133582
3.40667e-06 	 0.211 	 0 	 -2.02576 	 0.00107278
3.41333e-06 	 0.212 	 0 	 -1.65522 	 0.000852055
3.42e-06 	 0.213 	 0 	 -1.33262 	 0.000670041
3.42667e-06 	 0.214 	 0 	 -1.06079 	 0.000522301
3.43333e-06 	 0.215 	 0 	 -0.832688 	 0.000403954
3.44e-06 	 0.216 	 0 	 -0.651801 	 0.000310326
3.44667e-06 	 0.217 	 0 	 -0.507226 	 0.000236923
3.45333e-06 	 0.218 	 0 	 -0.389189 	 0.000179612
3.46e-06 	 0.219 	 0 	 -0.295713 	 0.000135287
3.46667e-06 	 0.22 	 0 	 -0.224455 	 0.00010142
3.47333e-06 	 0.221 	 0 	 -0.170021 	 7.56996e-05
3.48e-06 	 0.222 	 0 	 -0.127496 	 5.61939e-05
3.48667e-06 	 0.223 	 0 	 -0.0946325 	 4.14825e-05
3.49333e-06 	 0.224 	 0 	 -0.0702456 	 3.04989e-05
3.5e-06 	 0.225 	 0 	 -0.0517525 	 2.23462e-05
3.50667e-06 	 0.226 	 0 	 -0.0380823 	 1.63137e-05
3.51333e-06 	 0.227 	 0 	 -0.0280634 	 1.18716e-05
3.52e-06 	 0.228 	 0 	 -0.0203496 	 8.60093e-06
3.52667e-06 	 0.229 	 0 	 -0.0148714 	 6.20704e-06
3.53333e-06 	 0.23 	 0 	 -0.0107332 	 4.46546e-06
3.54e-06 	 0.231 	 0 	 -0.00769967 	 3.19938e-06
3.54667e-06 	 0.232 	 0 	 -0.00557551 	 2.28793e-06
3.55333e-06 	 0.233 	 0 	 -0.00401569 	 1.63151e-06
3.56e-06 	 0.234 	 0 	 -0.00283646 	 1.15725e-06
3.56667e-06 	 0.235 	 0 	 -0.00200884 	 8.18433e-07
3.57333e-06 	 0.236 	 0 	 -0.00144013 	 5.78846e-07
3.58e-06 	 0.237 	 0 	 -0.00101743 	 4.08305e-07
3.58667e-06 	 0.238 	 0 	 -0.000714514 	 2.86785e-07
3.59333e-06 	 0.239 	 0 	 -0.000503891 	 2.01145e-07
3.6e-06 	 0.24 	 0 	 -0.000354473 	 1.40898e-07
3.60667e-06 	 0.241 	 0 	 -0.000249649 	 9.84548e-08
3.61333e-06 	 0.242 	 0 	 -0.000174592 	 6.85826e-08
3.62e-06 	 0.243 	 0 	 -0.000121489 	 4.76052e-08
3.62667e-06 	 0.244 	 0 	 -8.4457e-05 	 3.29648e-08
3.63333e-06 	 0.245 	 0 	 -5.87132e-05 	 2.27814e-08
3.64e-06 	 0.246 	 0 	 -4.05817e-05 	 1.5702e-08
3.64667e-06 	 0.247 	 0 	 -2.78449e-05 	 1.07922e-08
3.65333e-06 	 0.248 	 0 	 -1.91877e-05 	 7.40865e-09
3.66e-06 	 0.249 	 0 	 -1.32644e-05 	 5.08302e-09
3.66667e-06 	 0.25 	 0 	 -9.11133e-06 	 3.47836e-09
3.67333e-06 	 0.251 	 0 	 -6.22066e-06 	 2.37194e-09
3.68e-06 	 0.252 	 0 	 -4.21962e-06 	 1.61382e-09
3.68667e-06 	 0.253 	 0 	 -2.89438e-06 	 1.09758e-09
3.69333e-06 	 0.254 	 0 	 -1.9745e-06 	 7.45808e-10
3.7e-06 	 0.255 	 0 	 -1.32686e-06 	 5.05056e-10
3.70667e-06 	 0.256 	 0 	 -9.11438e-07 	 3.41813e-10
3.71333e-06 	 0.257 	 0 	 -6.20499e-07 	 2.31135e-10
3.72e-06 	 0.258 	 0 	 -4.11514e-07 	 1.55385e-10
3.72667e-06 	 0.259 	 0 	 -2.8035e-07 	 1.04355e-10
3.73333e-06 	 0.26 	 0 	 -1.87247e-07 	 7.01445e-11
3.74e-06 	 0.261 	 0 	 -1.26373e-07 	 4.70232e-11
3.74667e-06 	 0.262 	 0 	 -8.57835e-08 	 3.15156e-11
3.75333e-06 	 0.263 	 0 	 -5.62555e-08 	 2.1025e-11
3.76e-06 	 0.264 	 0 	 -3.78799e-08 	 1.40016e-11
3.76667e-06 	 0.265 	 0 	 -2.53832e-08 	 9.34689e-12
3.77333e-06 	 0.266 	 0 	 -1.69359e-08 	 6.21871e-12
3.78e-06 	 0.267 	 0 	 -1.13137e-08 	 4.12615e-12
3.78667e-06 	 0.268 	 0 	 -7.43242e-09 	 2.72928e-12
3.79333e-06 	 0.269 	 0 	 -4.92315e-09 	 1.80234e-12
3.8e-06 	 0.27 	 0 	 -3.26232e-09 	 1.19139e-12
3.80667e-06 	 0.271 	 0 	 -2.16459e-09 	 7.86644e-13
3.81333e-06 	 0.272 	 0 	 -1.43878e-09 	 5.18299e-13
3.82e-06 	 0.273 	 0 	 -9.41608e-10 	 3.40123e-13
3.82667e-06 	 0.274 	 0 	 -6.21031e-10 	 2.22419e-13
3.83333e-06 	 0.275 	 0 	 -4.06099e-10 	 1.45151e-13
3.84e-06 	 0.276 	 0 	 -2.65413e-10 	 9.43626e-14
3.84667e-06 	 0.277 	 0 	 -1.76421e-10 	 6.11583e-14
3.85333e-06 	 0.278 	 0 	 -1.12584e-10 	 3.93108e-14
3.86e-06 	 0.279 	 0 	 -7.42462e-11 	 2.50204e-14
3.86667e-06 	 0.28 	 0 	 -4.89192e-11 	 1.57822e-14
3.87333e-06 	 0.281 	 0 	 -3.13985e-11 	 9.69198e-15
3.88e-06 	 0.282 	 0 	 -1.99493e-11 	 5.7205e-15
3.88667e-06 	 0.283 	 0 	 -1.21431e-11 	 3.1815e-15
3.89333e-06 	 0.284 	 0 	 -6.59195e-12 	 1.59462e-15
3.9e-06 	 0.285 	 0 	 -2.77556e-12 	 6.68227e-16
3.90667e-06 	 0.286 	 0 	 -6.93889e-13 	 2.0503e-16
3.91333e-06 	 0.287 	 0 	 0 	 3.34758e-17
3.92e-06 	 0.288 	 0 	 0 	 -8.35085e-19
3.92667e-06 	 0.289 	 0 	 0 	 -8.35085e-19
3.93333e-06 	 0.29 	 0 	 0 	 -8.35085e-19
3.94e-06 	 0.291 	 0 	 0 	 -8.35085e-19
3.94667e-06 	 0.292 	 0 	 0 	 -8.35085e-19
3.95333e-06 	 0.293 	 0 	 0 	 -8.35085e-19
3.96e-06 	 0.294 	 0 	 0 	 -8.35085e-19
3.96667e-06 	 0.295 	 0 	 0 	 -8.35085e-19
3.97333e-06 	 0.296 	 0 	 0 	 -8.35085e-19
3.98e-06 	 0.297 	 0 	 0 	 -8.35085e-19
3.98667e-06 	 0.298 	 0 	 0 	 -8.35085e-19
3.99333e-06 	 0.299 	 0 	 0 	 -8.35085e-19
4e-06 	 0.3 	 0 	 0 	 -8.35085e-19
4.00667e-06 	 0.301 	 0 	 0 	 -8.35085e-19
4.01333e-06 	 0.302 	 0 	 0 	 -8.35085e-19
4.02e-06 	 0.303 	 0 	 0 	 -8.35085e-19
4.02667e-06 	 0.304 	 0 	 0 	 -8.35085e-19
4.03333e-06 	 0.305 	 0 	 0 	 -8.35085e-19
4.04e-06 	 0.306 	 0 	 0 	 -8.35085e-19
4.04667e-06 	 0.307 	 0 	 0 	 -8.35085e-19
4.05333e-06 	 0.308 	 0 	 0 	 -8.35085e-19
4.06e-06 	 0.309 	 0 	 0 	 -8.35085e-19
4.06667e-06 	 0.31 	 0 	 0 	 -8.35085e-19
4.07333e-06 	 0.311 	 0 	 0 	 -8.35085e-19
4.08e-06 	 0.312 	 0 	 0 	 -8.35085e-19
4.08667e-06 	 0.313 	 0 	 0 	 -8.35085e-19
4.09333e-06 	 0.314 	 0 	 0 	 -8.35085e-19
4.1e-06 	 0.315 	 0 	 0 	 -8.35085e-19
4.10667e-06 	 0.316 	 0 	 0 	 -8.35085e-19
4.11333e-06 	 0.317 	 0 	 0 	 -8.35085e-19
4.12e-06 	 0.318 	 0 	 0 	 -8.35085e-19
4.12667e-06 	 0.319 	 0 	 0 	 -8.35085e-19
4.13333e-06 	 0.32 	 0 	 0 	 -8.35085e-19
4.14e-06 	 0.321 	 0 	 0 	 -8.35085e-19
4.14667e-06 	 0.322 	 0 	 0 	 -8.35085e-19
4.15333e-06 	 0.323 	 0 	 0 	 -8.35085e-19
4.16e-06 	 0.324 	 0 	 0 	 -8.35085e-19
4.16667e-06 	 0.325 	 0 	 0 	 -8.35085e-19
4.17333e-06 	 0.326 	 0 	 0 	 -8.35085e-19
4.18e-06 	 0.327 	 0 	 0 	 -8.35085e-19
4.18667e-06 	 0.328 	 0 	 0 	 -8.35085e-19
4.19333e-06 	 0.329 	 0 	 0 	 -8.35085e-19
4.2e-06 	 0.33 	 0 	 0 	 -8.35085e-19
4.20667e-06 	 0.331 	 0 	 0 	 -8.35085e-19
4.21333e-06 	 0.332 	 0 	 0 	 -8.35085e-19
4.22e-06 	 0.333 	 0 	 0 	 -8.35085e-19
4.22667e-06 	 0.334 	 0 	 0 	 -8.35085e-19
4.23333e-06 	 0.335 	 0 	 0 	 -8.35085e-19
4.24e-06 	 0.336 	 0 	 0 	 -8.35085e-19
4.24667e-06 	 0.337 	 0 	 0 	 -8.35085e-19
4.25333e-06 	 0.338 	 0 	 0 	 -8.35085e-19
4.26e-06 	 0.339 	 0 	 0 	 -8.35085e-19
4.26667e-06 	 0.34 	 0 	 0 	 -8.35085e-19
4.27333e-06 	 0.341 	 0 	 0 	 -8.35085e-19
4.28e-06 	 0.342 	 0 	 0 	 -8.35085e-19
4.28667e-06 	 0.343 	 0 	 0 	 -8.35085e-19
4.29333e-06 	 0.344 	 0 	 0 	 -8.35085e-19
4.3e-06 	 0.345 	 0 	 0 	 -8.35085e-19
4.30667e-06 	 0.346 	 0 	 0 	 -8.35085e-19
4.31333e-06 	 0.347 	 0 	 0 	 -8.35085e-19
4.32e-06 	 0.348 	 0 	 0 	 -8.35085e-19
4.32667e-06 	 0.349 	 0 	 0 	 -8.35085e-19
4.33333e-06 	 0.35 	 0 	 0 	 -8.35085e-19
4.34e-06 	 0.351 	 0 	 0 	 -8.35085e-19
4.34667e-06 	 0.352 	 0 	 0 	 -8.35085e-19
4.35333e-06 	 0.353 	 0 	 0 	 -8.35085e-19
4.36e-06 	 0.354 	 0 	 0 	 -8.35085e-19
4.36667e-06 	 0.355 	 0 	 0 	 -8.35085e-19
4.37333e-06 	 0.356 	 0 	 0 	 -8.35085e-19
4.38e-06 	 0.357 	 0 	 0 	 -8.35085e-19
4.38667e-06 	 0.358 	 0 	 0 	 -8.35085e-19
4.39333e-06 	 0.359 	 0 	 0 	 -8.35085e-19
4.4e-06 	 0.36 	 0 	 0 	 -8.35085e-19
4.40667e-06 	 0.361 	 0 	 0 	 -8.35085e-19
4.41333e-06 	 0.362 	 0 	 0 	 -8.35085e-19
4.42e-06 	 0.363 	 0 	 0 	 -8.35085e-19
4.42667e-06 	 0.364 	 0 	 0 	 -8.35085e-19
4.43333e-06 	 0.365 	 0 	 0 	 -8.35085e-19
4.44e-06 	 0.366 	 0 	 0 	 -8.35085e-19
4.44667e-06 	 0.367 	 0 	 0 	 -8.35085e-19
4.45333e-06 	 0.368 	 0 	 0 	 -8.35085e-19
4.46e-06 	 0.369 	 0 	 0 	 -8.35085e-19
# MSE  -0.3 8.85360663889e-07
