# (t) 	 (c tau) 	 (p(zD,t))
D =  0.355555555556
0 	 -0.04 	 0
6.66667e-09 	 -0.039 	 0
1.33333e-08 	 -0.038 	 0
2e-08 	 -0.037 	 0
2.66667e-08 	 -0.036 	 0
3.33333e-08 	 -0.035 	 0
4e-08 	 -0.034 	 0
4.66667e-08 	 -0.033 	 0
5.33333e-08 	 -0.032 	 0
6e-08 	 -0.031 	 0
6.66667e-08 	 -0.03 	 0
7.33333e-08 	 -0.029 	 0
8e-08 	 -0.028 	 0
8.66667e-08 	 -0.027 	 0
9.33333e-08 	 -0.026 	 0
1e-07 	 -0.025 	 0
1.06667e-07 	 -0.024 	 0
1.13333e-07 	 -0.023 	 0
1.2e-07 	 -0.022 	 0
1.26667e-07 	 -0.021 	 0
1.33333e-07 	 -0.02 	 0
1.4e-07 	 -0.019 	 0
1.46667e-07 	 -0.018 	 0
1.53333e-07 	 -0.017 	 0
1.6e-07 	 -0.016 	 0
1.66667e-07 	 -0.015 	 0
1.73333e-07 	 -0.014 	 0
1.8e-07 	 -0.013 	 0
1.86667e-07 	 -0.012 	 0
1.93333e-07 	 -0.011 	 0
2e-07 	 -0.01 	 0
2.06667e-07 	 -0.009 	 0
2.13333e-07 	 -0.008 	 0
2.2e-07 	 -0.007 	 0
2.26667e-07 	 -0.006 	 0
2.33333e-07 	 -0.005 	 0
2.4e-07 	 -0.004 	 0
2.46667e-07 	 -0.003 	 0.00773316
2.53333e-07 	 -0.002 	 0.0233188
2.6e-07 	 -0.001 	 0.0386398
2.66667e-07 	 0 	 0.053689
2.73333e-07 	 0.001 	 0.0610167
2.8e-07 	 0.002 	 0.0603819
2.86667e-07 	 0.003 	 0.0595926
2.93333e-07 	 0.004 	 0.0591156
3e-07 	 0.005 	 0.0586042
3.06667e-07 	 0.006 	 0.0576241
3.13333e-07 	 0.007 	 0.0573949
3.2e-07 	 0.008 	 0.0571228
3.26667e-07 	 0.009 	 0.0560839
3.33333e-07 	 0.01 	 0.0557597
3.4e-07 	 0.011 	 0.0557468
3.46667e-07 	 0.012 	 0.0543094
3.53333e-07 	 0.013 	 0.0540357
3.6e-07 	 0.014 	 0.0544955
3.66667e-07 	 0.015 	 0.0530247
3.73333e-07 	 0.016 	 0.0522327
3.8e-07 	 0.017 	 0.0515783
3.86667e-07 	 0.018 	 0.0514019
3.93333e-07 	 0.019 	 0.0505939
4e-07 	 0.02 	 0.0506037
4.06667e-07 	 0.021 	 0.0500303
4.13333e-07 	 0.022 	 0.0479138
4.2e-07 	 0.023 	 0.0490492
4.26667e-07 	 0.024 	 0.0488077
4.33333e-07 	 0.025 	 0.0491946
4.4e-07 	 0.026 	 0.0489905
4.46667e-07 	 0.027 	 0.0460753
4.53333e-07 	 0.028 	 0.0464738
4.6e-07 	 0.029 	 0.0452869
4.66667e-07 	 0.03 	 0.0451398
4.73333e-07 	 0.031 	 0.0456586
4.8e-07 	 0.032 	 0.0438772
4.86667e-07 	 0.033 	 0.0444118
4.93333e-07 	 0.034 	 0.0443401
5e-07 	 0.035 	 0.0445338
5.06667e-07 	 0.036 	 0.0430315
5.13333e-07 	 0.037 	 0.0422887
5.2e-07 	 0.038 	 0.0414621
5.26667e-07 	 0.039 	 0.0401007
5.33333e-07 	 0.04 	 0.04296
5.4e-07 	 0.041 	 0.0420958
5.46667e-07 	 0.042 	 0.039502
5.53333e-07 	 0.043 	 0.0396215
5.6e-07 	 0.044 	 0.038905
5.66667e-07 	 0.045 	 0.0392454
5.73333e-07 	 0.046 	 0.0401203
5.8e-07 	 0.047 	 0.0436736
5.86667e-07 	 0.048 	 0.0509563
5.93333e-07 	 0.049 	 0.060029
6e-07 	 0.05 	 0.0691429
6.06667e-07 	 0.051 	 0.0721583
6.13333e-07 	 0.052 	 0.0711504
6.2e-07 	 0.053 	 0.0675
6.26667e-07 	 0.054 	 0.0666825
6.33333e-07 	 0.055 	 0.0669864
6.4e-07 	 0.056 	 0.0654228
6.46667e-07 	 0.057 	 0.0651917
6.53333e-07 	 0.058 	 0.0615984
6.6e-07 	 0.059 	 0.0596883
6.66667e-07 	 0.06 	 0.0586224
6.73333e-07 	 0.061 	 0.057788
6.8e-07 	 0.062 	 0.0587217
6.86667e-07 	 0.063 	 0.0587686
6.93333e-07 	 0.064 	 0.0563462
7e-07 	 0.065 	 0.0534788
7.06667e-07 	 0.066 	 0.0536658
7.13333e-07 	 0.067 	 0.0508947
7.2e-07 	 0.068 	 0.050886
7.26667e-07 	 0.069 	 0.0519406
7.33333e-07 	 0.07 	 0.0485401
7.4e-07 	 0.071 	 0.0485234
7.46667e-07 	 0.072 	 0.0468923
7.53333e-07 	 0.073 	 0.0450396
7.6e-07 	 0.074 	 0.0445921
7.66667e-07 	 0.075 	 0.0432326
7.73333e-07 	 0.076 	 0.0438714
7.8e-07 	 0.077 	 0.043205
7.86667e-07 	 0.078 	 0.042916
7.93333e-07 	 0.079 	 0.0418231
8e-07 	 0.08 	 0.0406739
8.06667e-07 	 0.081 	 0.0395622
8.13333e-07 	 0.082 	 0.0375838
8.2e-07 	 0.083 	 0.0371587
8.26667e-07 	 0.084 	 0.0376637
8.33333e-07 	 0.085 	 0.0370108
8.4e-07 	 0.086 	 0.0348945
8.46667e-07 	 0.087 	 0.0349879
8.53333e-07 	 0.088 	 0.0330137
8.6e-07 	 0.089 	 0.0319871
8.66667e-07 	 0.09 	 0.0355927
8.73333e-07 	 0.091 	 0.0341869
8.8e-07 	 0.092 	 0.0320785
8.86667e-07 	 0.093 	 0.0307176
8.93333e-07 	 0.094 	 0.0286611
9e-07 	 0.095 	 0.0300357
9.06667e-07 	 0.096 	 0.0292137
9.13333e-07 	 0.097 	 0.0257876
9.2e-07 	 0.098 	 0.0168415
9.26667e-07 	 0.099 	 0.0089148
9.33333e-07 	 0.1 	 0.00390044
9.4e-07 	 0.101 	 -1.48835e-05
9.46667e-07 	 0.102 	 0.0017925
9.53333e-07 	 0.103 	 0.000314352
9.6e-07 	 0.104 	 -0.00137639
9.66667e-07 	 0.105 	 0.00152435
9.73333e-07 	 0.106 	 -0.000261124
9.8e-07 	 0.107 	 -0.00185301
9.86667e-07 	 0.108 	 0.000686842
9.93333e-07 	 0.109 	 -0.00111129
1e-06 	 0.11 	 0.00127978
1.00667e-06 	 0.111 	 0.00266458
1.01333e-06 	 0.112 	 0.00116762
1.02e-06 	 0.113 	 -0.000213132
1.02667e-06 	 0.114 	 -0.00440046
1.03333e-06 	 0.115 	 -0.0005801
1.04e-06 	 0.116 	 -0.00150403
1.04667e-06 	 0.117 	 -0.00296397
1.05333e-06 	 0.118 	 -0.000605255
1.06e-06 	 0.119 	 -0.00446795
1.06667e-06 	 0.12 	 -0.00535949
1.07333e-06 	 0.121 	 -0.00519094
1.08e-06 	 0.122 	 -0.00804751
1.08667e-06 	 0.123 	 -0.0123971
1.09333e-06 	 0.124 	 -0.0142433
1.1e-06 	 0.125 	 -0.0157951
1.10667e-06 	 0.126 	 -0.01744
1.11333e-06 	 0.127 	 -0.0191368
1.12e-06 	 0.128 	 -0.024264
1.12667e-06 	 0.129 	 -0.0272382
1.13333e-06 	 0.13 	 -0.0293845
1.14e-06 	 0.131 	 -0.0311464
1.14667e-06 	 0.132 	 -0.0338714
1.15333e-06 	 0.133 	 -0.0376249
1.16e-06 	 0.134 	 -0.0392014
1.16667e-06 	 0.135 	 -0.0444318
1.17333e-06 	 0.136 	 -0.044321
1.18e-06 	 0.137 	 -0.0454562
1.18667e-06 	 0.138 	 -0.0529741
1.19333e-06 	 0.139 	 -0.0540919
1.2e-06 	 0.14 	 -0.0587569
1.20667e-06 	 0.141 	 -0.0621003
1.21333e-06 	 0.142 	 -0.0616751
1.22e-06 	 0.143 	 -0.0636635
1.22667e-06 	 0.144 	 -0.0670799
1.23333e-06 	 0.145 	 -0.0717618
1.24e-06 	 0.146 	 -0.0748251
1.24667e-06 	 0.147 	 -0.0792102
1.25333e-06 	 0.148 	 -0.0790752
1.26e-06 	 0.149 	 -0.0794607
1.26667e-06 	 0.15 	 -0.0837803
1.27333e-06 	 0.151 	 -0.0823048
1.28e-06 	 0.152 	 -0.0857989
1.28667e-06 	 0.153 	 -0.0892217
1.29333e-06 	 0.154 	 -0.0876399
1.3e-06 	 0.155 	 -0.0915472
1.30667e-06 	 0.156 	 -0.0920702
1.31333e-06 	 0.157 	 -0.0919419
1.32e-06 	 0.158 	 -0.0933811
1.32667e-06 	 0.159 	 -0.0934088
1.33333e-06 	 0.16 	 -0.0942482
1.34e-06 	 0.161 	 -0.0939434
1.34667e-06 	 0.162 	 -0.0948071
1.35333e-06 	 0.163 	 -0.093911
1.36e-06 	 0.164 	 -0.09279
1.36667e-06 	 0.165 	 -0.0928472
1.37333e-06 	 0.166 	 -0.0913577
1.38e-06 	 0.167 	 -0.0907462
1.38667e-06 	 0.168 	 -0.0909164
1.39333e-06 	 0.169 	 -0.0888265
1.4e-06 	 0.17 	 -0.0862315
1.40667e-06 	 0.171 	 -0.0849649
1.41333e-06 	 0.172 	 -0.0826138
1.42e-06 	 0.173 	 -0.0803515
1.42667e-06 	 0.174 	 -0.0795065
1.43333e-06 	 0.175 	 -0.0774529
1.44e-06 	 0.176 	 -0.0735388
1.44667e-06 	 0.177 	 -0.0707333
1.45333e-06 	 0.178 	 -0.068537
1.46e-06 	 0.179 	 -0.0652963
1.46667e-06 	 0.18 	 -0.0632097
1.47333e-06 	 0.181 	 -0.0616431
1.48e-06 	 0.182 	 -0.0582354
1.48667e-06 	 0.183 	 -0.0554721
1.49333e-06 	 0.184 	 -0.0526467
1.5e-06 	 0.185 	 -0.0494926
1.50667e-06 	 0.186 	 -0.0474069
1.51333e-06 	 0.187 	 -0.0448695
1.52e-06 	 0.188 	 -0.0424562
1.52667e-06 	 0.189 	 -0.0399821
1.53333e-06 	 0.19 	 -0.037299
1.54e-06 	 0.191 	 -0.0351703
1.54667e-06 	 0.192 	 -0.0329474
1.55333e-06 	 0.193 	 -0.0307473
1.56e-06 	 0.194 	 -0.0286527
1.56667e-06 	 0.195 	 -0.0265868
1.57333e-06 	 0.196 	 -0.0249299
1.58e-06 	 0.197 	 -0.0231484
1.58667e-06 	 0.198 	 -0.0213794
1.59333e-06 	 0.199 	 -0.0196592
1.6e-06 	 0.2 	 -0.0180284
1.60667e-06 	 0.201 	 -0.0165833
1.61333e-06 	 0.202 	 -0.0153944
1.62e-06 	 0.203 	 -0.0142977
1.62667e-06 	 0.204 	 -0.0128912
1.63333e-06 	 0.205 	 -0.0117643
1.64e-06 	 0.206 	 -0.0107049
1.64667e-06 	 0.207 	 -0.00963462
1.65333e-06 	 0.208 	 -0.00891336
1.66e-06 	 0.209 	 -0.0081624
1.66667e-06 	 0.21 	 -0.00727734
1.67333e-06 	 0.211 	 -0.00656809
1.68e-06 	 0.212 	 -0.0059393
1.68667e-06 	 0.213 	 -0.00529173
1.69333e-06 	 0.214 	 -0.00482486
1.7e-06 	 0.215 	 -0.00436984
1.70667e-06 	 0.216 	 -0.00387182
1.71333e-06 	 0.217 	 -0.00345566
1.72e-06 	 0.218 	 -0.0030854
1.72667e-06 	 0.219 	 -0.00273867
1.73333e-06 	 0.22 	 -0.00244736
1.74e-06 	 0.221 	 -0.00218727
1.74667e-06 	 0.222 	 -0.00192114
1.75333e-06 	 0.223 	 -0.00169156
1.76e-06 	 0.224 	 -0.00150598
1.76667e-06 	 0.225 	 -0.00132705
1.77333e-06 	 0.226 	 -0.00116554
1.78e-06 	 0.227 	 -0.00103064
1.78667e-06 	 0.228 	 -0.000895418
1.79333e-06 	 0.229 	 -0.000781624
1.8e-06 	 0.23 	 -0.000691928
1.80667e-06 	 0.231 	 -0.000604316
1.81333e-06 	 0.232 	 -0.000526418
1.82e-06 	 0.233 	 -0.000456488
1.82667e-06 	 0.234 	 -0.000392222
1.83333e-06 	 0.235 	 -0.000338746
1.84e-06 	 0.236 	 -0.000295785
1.84667e-06 	 0.237 	 -0.000256427
1.85333e-06 	 0.238 	 -0.000221323
1.86e-06 	 0.239 	 -0.000190221
1.86667e-06 	 0.24 	 -0.000162632
1.87333e-06 	 0.241 	 -0.000139686
1.88e-06 	 0.242 	 -0.000120087
1.88667e-06 	 0.243 	 -0.000103096
1.89333e-06 	 0.244 	 -8.79673e-05
1.9e-06 	 0.245 	 -7.47094e-05
1.90667e-06 	 0.246 	 -6.32238e-05
1.91333e-06 	 0.247 	 -5.37764e-05
1.92e-06 	 0.248 	 -4.57504e-05
1.92667e-06 	 0.249 	 -3.88608e-05
1.93333e-06 	 0.25 	 -3.28582e-05
1.94e-06 	 0.251 	 -2.75608e-05
1.94667e-06 	 0.252 	 -2.32098e-05
1.95333e-06 	 0.253 	 -1.95047e-05
1.96e-06 	 0.254 	 -1.64011e-05
1.96667e-06 	 0.255 	 -1.38384e-05
1.97333e-06 	 0.256 	 -1.15385e-05
1.98e-06 	 0.257 	 -9.64176e-06
1.98667e-06 	 0.258 	 -8.06836e-06
1.99333e-06 	 0.259 	 -6.6814e-06
2e-06 	 0.26 	 -5.57167e-06
2.00667e-06 	 0.261 	 -4.66105e-06
2.01333e-06 	 0.262 	 -3.84295e-06
2.02e-06 	 0.263 	 -3.18652e-06
2.02667e-06 	 0.264 	 -2.64681e-06
2.03333e-06 	 0.265 	 -2.16175e-06
2.04e-06 	 0.266 	 -1.78679e-06
2.04667e-06 	 0.267 	 -1.46484e-06
2.05333e-06 	 0.268 	 -1.19648e-06
2.06e-06 	 0.269 	 -9.86743e-07
2.06667e-06 	 0.27 	 -8.00071e-07
2.07333e-06 	 0.271 	 -6.57342e-07
2.08e-06 	 0.272 	 -5.39459e-07
2.08667e-06 	 0.273 	 -4.39896e-07
2.09333e-06 	 0.274 	 -3.56239e-07
2.1e-06 	 0.275 	 -2.88469e-07
2.10667e-06 	 0.276 	 -2.32829e-07
2.11333e-06 	 0.277 	 -1.86208e-07
2.12e-06 	 0.278 	 -1.49365e-07
2.12667e-06 	 0.279 	 -1.19551e-07
2.13333e-06 	 0.28 	 -9.46563e-08
2.14e-06 	 0.281 	 -7.48675e-08
2.14667e-06 	 0.282 	 -5.94544e-08
2.15333e-06 	 0.283 	 -4.68594e-08
2.16e-06 	 0.284 	 -3.67145e-08
2.16667e-06 	 0.285 	 -2.88021e-08
2.17333e-06 	 0.286 	 -2.24436e-08
2.18e-06 	 0.287 	 -1.72744e-08
2.18667e-06 	 0.288 	 -1.26209e-08
2.19333e-06 	 0.289 	 -8.23983e-09
2.2e-06 	 0.29 	 -4.60482e-09
2.20667e-06 	 0.291 	 -1.84834e-09
2.21333e-06 	 0.292 	 -3.46626e-10
2.22e-06 	 0.293 	 0
2.22667e-06 	 0.294 	 0
2.23333e-06 	 0.295 	 0
2.24e-06 	 0.296 	 0
2.24667e-06 	 0.297 	 0
2.25333e-06 	 0.298 	 0
2.26e-06 	 0.299 	 0
2.26667e-06 	 0.3 	 0
2.27333e-06 	 0.301 	 0
2.28e-06 	 0.302 	 0
2.28667e-06 	 0.303 	 0
2.29333e-06 	 0.304 	 0
2.3e-06 	 0.305 	 0
2.30667e-06 	 0.306 	 0
2.31333e-06 	 0.307 	 0
2.32e-06 	 0.308 	 0
2.32667e-06 	 0.309 	 0
2.33333e-06 	 0.31 	 0
2.34e-06 	 0.311 	 0
2.34667e-06 	 0.312 	 0
2.35333e-06 	 0.313 	 0
2.36e-06 	 0.314 	 0
