# (t) 	 (c tau) 	 (p(zD,t))
D =  0.177777777778
0 	 -0.04 	 0
6.66667e-09 	 -0.039 	 0
1.33333e-08 	 -0.038 	 0
2e-08 	 -0.037 	 0
2.66667e-08 	 -0.036 	 0
3.33333e-08 	 -0.035 	 0
4e-08 	 -0.034 	 0
4.66667e-08 	 -0.033 	 0
5.33333e-08 	 -0.032 	 0
6e-08 	 -0.031 	 0
6.66667e-08 	 -0.03 	 0
7.33333e-08 	 -0.029 	 0
8e-08 	 -0.028 	 0
8.66667e-08 	 -0.027 	 0
9.33333e-08 	 -0.026 	 0
1e-07 	 -0.025 	 0
1.06667e-07 	 -0.024 	 0
1.13333e-07 	 -0.023 	 0
1.2e-07 	 -0.022 	 0
1.26667e-07 	 -0.021 	 0
1.33333e-07 	 -0.02 	 0
1.4e-07 	 -0.019 	 0
1.46667e-07 	 -0.018 	 0
1.53333e-07 	 -0.017 	 0
1.6e-07 	 -0.016 	 0
1.66667e-07 	 -0.015 	 0
1.73333e-07 	 -0.014 	 0
1.8e-07 	 -0.013 	 0
1.86667e-07 	 -0.012 	 0
1.93333e-07 	 -0.011 	 0
2e-07 	 -0.01 	 0
2.06667e-07 	 -0.009 	 0
2.13333e-07 	 -0.008 	 0
2.2e-07 	 -0.007 	 0
2.26667e-07 	 -0.006 	 0
2.33333e-07 	 -0.005 	 0
2.4e-07 	 -0.004 	 0
2.46667e-07 	 -0.003 	 0.0153124
2.53333e-07 	 -0.002 	 0.0460215
2.6e-07 	 -0.001 	 0.0759074
2.66667e-07 	 0 	 0.104966
2.73333e-07 	 0.001 	 0.118455
2.8e-07 	 0.002 	 0.116057
2.86667e-07 	 0.003 	 0.113389
2.93333e-07 	 0.004 	 0.111365
3e-07 	 0.005 	 0.109318
3.06667e-07 	 0.006 	 0.106386
3.13333e-07 	 0.007 	 0.104934
3.2e-07 	 0.008 	 0.103441
3.26667e-07 	 0.009 	 0.100486
3.33333e-07 	 0.01 	 0.0989407
3.4e-07 	 0.011 	 0.0979972
3.46667e-07 	 0.012 	 0.0943712
3.53333e-07 	 0.013 	 0.0930307
3.6e-07 	 0.014 	 0.0930957
3.66667e-07 	 0.015 	 0.0894591
3.73333e-07 	 0.016 	 0.0872114
3.8e-07 	 0.017 	 0.0853323
3.86667e-07 	 0.018 	 0.08413
3.93333e-07 	 0.019 	 0.0819441
4e-07 	 0.02 	 0.0813134
4.06667e-07 	 0.021 	 0.0795263
4.13333e-07 	 0.022 	 0.0750677
4.2e-07 	 0.023 	 0.0764201
4.26667e-07 	 0.024 	 0.0753163
4.33333e-07 	 0.025 	 0.0754574
4.4e-07 	 0.026 	 0.0744686
4.46667e-07 	 0.027 	 0.0688105
4.53333e-07 	 0.028 	 0.0688985
4.6e-07 	 0.029 	 0.0660947
4.66667e-07 	 0.03 	 0.0655295
4.73333e-07 	 0.031 	 0.0657276
4.8e-07 	 0.032 	 0.0621115
4.86667e-07 	 0.033 	 0.0627528
4.93333e-07 	 0.034 	 0.0620254
5e-07 	 0.035 	 0.0620339
5.06667e-07 	 0.036 	 0.0588902
5.13333e-07 	 0.037 	 0.0571939
5.2e-07 	 0.038 	 0.0552719
5.26667e-07 	 0.039 	 0.0525375
5.33333e-07 	 0.04 	 0.0572915
5.4e-07 	 0.041 	 0.055328
5.46667e-07 	 0.042 	 0.0503738
5.53333e-07 	 0.043 	 0.050479
5.6e-07 	 0.044 	 0.0488828
5.66667e-07 	 0.045 	 0.0486606
5.73333e-07 	 0.046 	 0.0504218
5.8e-07 	 0.047 	 0.0452645
5.86667e-07 	 0.048 	 0.0362031
5.93333e-07 	 0.049 	 0.0315158
6e-07 	 0.05 	 0.0264968
6.06667e-07 	 0.051 	 0.0231203
6.13333e-07 	 0.052 	 0.023594
6.2e-07 	 0.053 	 0.0195303
6.26667e-07 	 0.054 	 0.0201543
6.33333e-07 	 0.055 	 0.0225663
6.4e-07 	 0.056 	 0.022447
6.46667e-07 	 0.057 	 0.0239056
6.53333e-07 	 0.058 	 0.0197511
6.6e-07 	 0.059 	 0.0178751
6.66667e-07 	 0.06 	 0.0176939
6.73333e-07 	 0.061 	 0.0184675
6.8e-07 	 0.062 	 0.0221814
6.86667e-07 	 0.063 	 0.0237516
6.93333e-07 	 0.064 	 0.0213066
7e-07 	 0.065 	 0.0181517
7.06667e-07 	 0.066 	 0.019965
7.13333e-07 	 0.067 	 0.0175714
7.2e-07 	 0.068 	 0.0186936
7.26667e-07 	 0.069 	 0.021329
7.33333e-07 	 0.07 	 0.0172991
7.4e-07 	 0.071 	 0.0190448
7.46667e-07 	 0.072 	 0.0174412
7.53333e-07 	 0.073 	 0.0163618
7.6e-07 	 0.074 	 0.017388
7.66667e-07 	 0.075 	 0.0158064
7.73333e-07 	 0.076 	 0.0183436
7.8e-07 	 0.077 	 0.0181961
7.86667e-07 	 0.078 	 0.0179685
7.93333e-07 	 0.079 	 0.0185639
8e-07 	 0.08 	 0.0178144
8.06667e-07 	 0.081 	 0.0167215
8.13333e-07 	 0.082 	 0.014859
8.2e-07 	 0.083 	 0.0144811
8.26667e-07 	 0.084 	 0.0169372
8.33333e-07 	 0.085 	 0.0168895
8.4e-07 	 0.086 	 0.0147808
8.46667e-07 	 0.087 	 0.0156916
8.53333e-07 	 0.088 	 0.0127707
8.6e-07 	 0.089 	 0.0130172
8.66667e-07 	 0.09 	 0.0193575
8.73333e-07 	 0.091 	 0.0177788
8.8e-07 	 0.092 	 0.0161134
8.86667e-07 	 0.093 	 0.014927
8.93333e-07 	 0.094 	 0.0121806
9e-07 	 0.095 	 0.0148894
9.06667e-07 	 0.096 	 0.0151679
9.13333e-07 	 0.097 	 0.0127969
9.2e-07 	 0.098 	 0.00638741
9.26667e-07 	 0.099 	 0.00268404
9.33333e-07 	 0.1 	 0.00168125
9.4e-07 	 0.101 	 0.000372895
9.46667e-07 	 0.102 	 0.00317756
9.53333e-07 	 0.103 	 8.4958e-06
9.6e-07 	 0.104 	 -0.00152688
9.66667e-07 	 0.105 	 0.00132705
9.73333e-07 	 0.106 	 -0.000161058
9.8e-07 	 0.107 	 -0.00111942
9.86667e-07 	 0.108 	 0.000670131
9.93333e-07 	 0.109 	 -0.000356244
1e-06 	 0.11 	 0.00124826
1.00667e-06 	 0.111 	 0.00298324
1.01333e-06 	 0.112 	 0.00129596
1.02e-06 	 0.113 	 -0.0012043
1.02667e-06 	 0.114 	 -0.00564134
1.03333e-06 	 0.115 	 -0.00220989
1.04e-06 	 0.116 	 -0.00192923
1.04667e-06 	 0.117 	 -0.00380029
1.05333e-06 	 0.118 	 -0.00188134
1.06e-06 	 0.119 	 -0.00759787
1.06667e-06 	 0.12 	 -0.0109709
1.07333e-06 	 0.121 	 -0.0106116
1.08e-06 	 0.122 	 -0.0158407
1.08667e-06 	 0.123 	 -0.0219777
1.09333e-06 	 0.124 	 -0.0254553
1.1e-06 	 0.125 	 -0.0296601
1.10667e-06 	 0.126 	 -0.0309489
1.11333e-06 	 0.127 	 -0.0324526
1.12e-06 	 0.128 	 -0.0409387
1.12667e-06 	 0.129 	 -0.0458562
1.13333e-06 	 0.13 	 -0.0505784
1.14e-06 	 0.131 	 -0.0565045
1.14667e-06 	 0.132 	 -0.0575876
1.15333e-06 	 0.133 	 -0.063445
1.16e-06 	 0.134 	 -0.0662656
1.16667e-06 	 0.135 	 -0.0692634
1.17333e-06 	 0.136 	 -0.074007
1.18e-06 	 0.137 	 -0.0745971
1.18667e-06 	 0.138 	 -0.0812549
1.19333e-06 	 0.139 	 -0.0855763
1.2e-06 	 0.14 	 -0.0870755
1.20667e-06 	 0.141 	 -0.0904833
1.21333e-06 	 0.142 	 -0.090344
1.22e-06 	 0.143 	 -0.0898956
1.22667e-06 	 0.144 	 -0.0930671
1.23333e-06 	 0.145 	 -0.0958087
1.24e-06 	 0.146 	 -0.0988104
1.24667e-06 	 0.147 	 -0.100524
1.25333e-06 	 0.148 	 -0.098087
1.26e-06 	 0.149 	 -0.0985974
1.26667e-06 	 0.15 	 -0.0988992
1.27333e-06 	 0.151 	 -0.0968824
1.28e-06 	 0.152 	 -0.0985485
1.28667e-06 	 0.153 	 -0.0978595
1.29333e-06 	 0.154 	 -0.0955085
1.3e-06 	 0.155 	 -0.0969385
1.30667e-06 	 0.156 	 -0.0955841
1.31333e-06 	 0.157 	 -0.0941904
1.32e-06 	 0.158 	 -0.092676
1.32667e-06 	 0.159 	 -0.0905397
1.33333e-06 	 0.16 	 -0.0891981
1.34e-06 	 0.161 	 -0.0865256
1.34667e-06 	 0.162 	 -0.0859152
1.35333e-06 	 0.163 	 -0.0840192
1.36e-06 	 0.164 	 -0.0810471
1.36667e-06 	 0.165 	 -0.0797026
1.37333e-06 	 0.166 	 -0.0767273
1.38e-06 	 0.167 	 -0.0744355
1.38667e-06 	 0.168 	 -0.0734381
1.39333e-06 	 0.169 	 -0.0700308
1.4e-06 	 0.17 	 -0.067566
1.40667e-06 	 0.171 	 -0.0654149
1.41333e-06 	 0.172 	 -0.0624146
1.42e-06 	 0.173 	 -0.0604937
1.42667e-06 	 0.174 	 -0.0580462
1.43333e-06 	 0.175 	 -0.0555491
1.44e-06 	 0.176 	 -0.0525593
1.44667e-06 	 0.177 	 -0.0498096
1.45333e-06 	 0.178 	 -0.0477136
1.46e-06 	 0.179 	 -0.0450075
1.46667e-06 	 0.18 	 -0.0429417
1.47333e-06 	 0.181 	 -0.0411948
1.48e-06 	 0.182 	 -0.0386411
1.48667e-06 	 0.183 	 -0.0365294
1.49333e-06 	 0.184 	 -0.0341344
1.5e-06 	 0.185 	 -0.0318328
1.50667e-06 	 0.186 	 -0.0301494
1.51333e-06 	 0.187 	 -0.0281633
1.52e-06 	 0.188 	 -0.0265902
1.52667e-06 	 0.189 	 -0.0247753
1.53333e-06 	 0.19 	 -0.0228946
1.54e-06 	 0.191 	 -0.0214376
1.54667e-06 	 0.192 	 -0.0198418
1.55333e-06 	 0.193 	 -0.0184139
1.56e-06 	 0.194 	 -0.0170597
1.56667e-06 	 0.195 	 -0.0156928
1.57333e-06 	 0.196 	 -0.0145987
1.58e-06 	 0.197 	 -0.0134483
1.58667e-06 	 0.198 	 -0.0123727
1.59333e-06 	 0.199 	 -0.0113333
1.6e-06 	 0.2 	 -0.0102963
1.60667e-06 	 0.201 	 -0.00942511
1.61333e-06 	 0.202 	 -0.00866522
1.62e-06 	 0.203 	 -0.00798363
1.62667e-06 	 0.204 	 -0.00720347
1.63333e-06 	 0.205 	 -0.00652489
1.64e-06 	 0.206 	 -0.00591794
1.64667e-06 	 0.207 	 -0.00530961
1.65333e-06 	 0.208 	 -0.00486607
1.66e-06 	 0.209 	 -0.00444089
1.66667e-06 	 0.21 	 -0.00394329
1.67333e-06 	 0.211 	 -0.00353931
1.68e-06 	 0.212 	 -0.00318921
1.68667e-06 	 0.213 	 -0.00283206
1.69333e-06 	 0.214 	 -0.00257049
1.7e-06 	 0.215 	 -0.00231651
1.70667e-06 	 0.216 	 -0.00204711
1.71333e-06 	 0.217 	 -0.00182135
1.72e-06 	 0.218 	 -0.00161839
1.72667e-06 	 0.219 	 -0.00143379
1.73333e-06 	 0.22 	 -0.00127467
1.74e-06 	 0.221 	 -0.0011355
1.74667e-06 	 0.222 	 -0.000996296
1.75333e-06 	 0.223 	 -0.000873817
1.76e-06 	 0.224 	 -0.000776528
1.76667e-06 	 0.225 	 -0.000681773
1.77333e-06 	 0.226 	 -0.000596547
1.78e-06 	 0.227 	 -0.00052571
1.78667e-06 	 0.228 	 -0.000455683
1.79333e-06 	 0.229 	 -0.000397483
1.8e-06 	 0.23 	 -0.000350749
1.80667e-06 	 0.231 	 -0.000305528
1.81333e-06 	 0.232 	 -0.000265568
1.82e-06 	 0.233 	 -0.00022975
1.82667e-06 	 0.234 	 -0.00019707
1.83333e-06 	 0.235 	 -0.00016982
1.84e-06 	 0.236 	 -0.00014786
1.84667e-06 	 0.237 	 -0.000127976
1.85333e-06 	 0.238 	 -0.000110369
1.86e-06 	 0.239 	 -9.46417e-05
1.86667e-06 	 0.24 	 -8.07423e-05
1.87333e-06 	 0.241 	 -6.92102e-05
1.88e-06 	 0.242 	 -5.93825e-05
1.88667e-06 	 0.243 	 -5.091e-05
1.89333e-06 	 0.244 	 -4.33433e-05
1.9e-06 	 0.245 	 -3.67442e-05
1.90667e-06 	 0.246 	 -3.10766e-05
1.91333e-06 	 0.247 	 -2.64019e-05
1.92e-06 	 0.248 	 -2.24384e-05
1.92667e-06 	 0.249 	 -1.9022e-05
1.93333e-06 	 0.25 	 -1.60533e-05
1.94e-06 	 0.251 	 -1.3455e-05
1.94667e-06 	 0.252 	 -1.13131e-05
1.95333e-06 	 0.253 	 -9.49544e-06
1.96e-06 	 0.254 	 -7.97814e-06
1.96667e-06 	 0.255 	 -6.71963e-06
1.97333e-06 	 0.256 	 -5.59867e-06
1.98e-06 	 0.257 	 -4.67239e-06
1.98667e-06 	 0.258 	 -3.9042e-06
1.99333e-06 	 0.259 	 -3.23165e-06
2e-06 	 0.26 	 -2.69926e-06
2.00667e-06 	 0.261 	 -2.26786e-06
2.01333e-06 	 0.262 	 -1.87699e-06
2.02e-06 	 0.263 	 -1.56217e-06
2.02667e-06 	 0.264 	 -1.29605e-06
2.03333e-06 	 0.265 	 -1.05039e-06
2.04e-06 	 0.266 	 -8.61383e-07
2.04667e-06 	 0.267 	 -7.01058e-07
2.05333e-06 	 0.268 	 -5.68665e-07
2.06e-06 	 0.269 	 -4.66071e-07
2.06667e-06 	 0.27 	 -3.74473e-07
2.07333e-06 	 0.271 	 -3.03466e-07
2.08e-06 	 0.272 	 -2.44666e-07
2.08667e-06 	 0.273 	 -1.95665e-07
2.09333e-06 	 0.274 	 -1.56091e-07
2.1e-06 	 0.275 	 -1.25988e-07
2.10667e-06 	 0.276 	 -1.02163e-07
2.11333e-06 	 0.277 	 -8.20396e-08
2.12e-06 	 0.278 	 -6.61418e-08
2.12667e-06 	 0.279 	 -5.32376e-08
2.13333e-06 	 0.28 	 -4.23549e-08
2.14e-06 	 0.281 	 -3.36986e-08
2.14667e-06 	 0.282 	 -2.69471e-08
2.15333e-06 	 0.283 	 -2.13997e-08
2.16e-06 	 0.284 	 -1.69031e-08
2.16667e-06 	 0.285 	 -1.33828e-08
2.17333e-06 	 0.286 	 -1.05413e-08
2.18e-06 	 0.287 	 -8.21512e-09
2.18667e-06 	 0.288 	 -6.07377e-09
2.19333e-06 	 0.289 	 -4.00728e-09
2.2e-06 	 0.29 	 -2.261e-09
2.20667e-06 	 0.291 	 -9.15601e-10
2.21333e-06 	 0.292 	 -1.72931e-10
2.22e-06 	 0.293 	 0
2.22667e-06 	 0.294 	 0
2.23333e-06 	 0.295 	 0
2.24e-06 	 0.296 	 0
2.24667e-06 	 0.297 	 0
2.25333e-06 	 0.298 	 0
2.26e-06 	 0.299 	 0
2.26667e-06 	 0.3 	 0
2.27333e-06 	 0.301 	 0
2.28e-06 	 0.302 	 0
2.28667e-06 	 0.303 	 0
2.29333e-06 	 0.304 	 0
2.3e-06 	 0.305 	 0
2.30667e-06 	 0.306 	 0
2.31333e-06 	 0.307 	 0
2.32e-06 	 0.308 	 0
2.32667e-06 	 0.309 	 0
2.33333e-06 	 0.31 	 0
2.34e-06 	 0.311 	 0
2.34667e-06 	 0.312 	 0
2.35333e-06 	 0.313 	 0
2.36e-06 	 0.314 	 0
