# (t) 	 (c tau) 	 (p(rD,t))
0 	 -1 	 0
6.66667e-09 	 -0.999 	 0
1.33333e-08 	 -0.998 	 0
2e-08 	 -0.997 	 0
2.66667e-08 	 -0.996 	 0
3.33333e-08 	 -0.995 	 0
4e-08 	 -0.994 	 0
4.66667e-08 	 -0.993 	 0
5.33333e-08 	 -0.992 	 0
6e-08 	 -0.991 	 0
6.66667e-08 	 -0.99 	 0
7.33333e-08 	 -0.989 	 0
8e-08 	 -0.988 	 0
8.66667e-08 	 -0.987 	 0
9.33333e-08 	 -0.986 	 0
1e-07 	 -0.985 	 0
1.06667e-07 	 -0.984 	 0
1.13333e-07 	 -0.983 	 0
1.2e-07 	 -0.982 	 0
1.26667e-07 	 -0.981 	 0
1.33333e-07 	 -0.98 	 0
1.4e-07 	 -0.979 	 0
1.46667e-07 	 -0.978 	 0
1.53333e-07 	 -0.977 	 0
1.6e-07 	 -0.976 	 0
1.66667e-07 	 -0.975 	 0
1.73333e-07 	 -0.974 	 0
1.8e-07 	 -0.973 	 0
1.86667e-07 	 -0.972 	 0
1.93333e-07 	 -0.971 	 0
2e-07 	 -0.97 	 0
2.06667e-07 	 -0.969 	 0
2.13333e-07 	 -0.968 	 0
2.2e-07 	 -0.967 	 0
2.26667e-07 	 -0.966 	 0
2.33333e-07 	 -0.965 	 0
2.4e-07 	 -0.964 	 0
2.46667e-07 	 -0.963 	 0
2.53333e-07 	 -0.962 	 0
2.6e-07 	 -0.961 	 0
2.66667e-07 	 -0.96 	 0
2.73333e-07 	 -0.959 	 0
2.8e-07 	 -0.958 	 0
2.86667e-07 	 -0.957 	 0
2.93333e-07 	 -0.956 	 0
3e-07 	 -0.955 	 0
3.06667e-07 	 -0.954 	 0
3.13333e-07 	 -0.953 	 0
3.2e-07 	 -0.952 	 0
3.26667e-07 	 -0.951 	 0
3.33333e-07 	 -0.95 	 0
3.4e-07 	 -0.949 	 0
3.46667e-07 	 -0.948 	 0
3.53333e-07 	 -0.947 	 0
3.6e-07 	 -0.946 	 0
3.66667e-07 	 -0.945 	 0
3.73333e-07 	 -0.944 	 0
3.8e-07 	 -0.943 	 0
3.86667e-07 	 -0.942 	 0
3.93333e-07 	 -0.941 	 0
4e-07 	 -0.94 	 0
4.06667e-07 	 -0.939 	 0
4.13333e-07 	 -0.938 	 0
4.2e-07 	 -0.937 	 0
4.26667e-07 	 -0.936 	 0
4.33333e-07 	 -0.935 	 0
4.4e-07 	 -0.934 	 0
4.46667e-07 	 -0.933 	 0
4.53333e-07 	 -0.932 	 0
4.6e-07 	 -0.931 	 0
4.66667e-07 	 -0.93 	 0
4.73333e-07 	 -0.929 	 0
4.8e-07 	 -0.928 	 0
4.86667e-07 	 -0.927 	 0
4.93333e-07 	 -0.926 	 0
5e-07 	 -0.925 	 0
5.06667e-07 	 -0.924 	 0
5.13333e-07 	 -0.923 	 0
5.2e-07 	 -0.922 	 0
5.26667e-07 	 -0.921 	 0
5.33333e-07 	 -0.92 	 0
5.4e-07 	 -0.919 	 0
5.46667e-07 	 -0.918 	 0
5.53333e-07 	 -0.917 	 0
5.6e-07 	 -0.916 	 0
5.66667e-07 	 -0.915 	 0
5.73333e-07 	 -0.914 	 0
5.8e-07 	 -0.913 	 0
5.86667e-07 	 -0.912 	 0
5.93333e-07 	 -0.911 	 0
6e-07 	 -0.91 	 0
6.06667e-07 	 -0.909 	 0
6.13333e-07 	 -0.908 	 0
6.2e-07 	 -0.907 	 0
6.26667e-07 	 -0.906 	 0
6.33333e-07 	 -0.905 	 0
6.4e-07 	 -0.904 	 0
6.46667e-07 	 -0.903 	 0
6.53333e-07 	 -0.902 	 0
6.6e-07 	 -0.901 	 0
6.66667e-07 	 -0.9 	 0
6.73333e-07 	 -0.899 	 0
6.8e-07 	 -0.898 	 0
6.86667e-07 	 -0.897 	 0
6.93333e-07 	 -0.896 	 0
7e-07 	 -0.895 	 0
7.06667e-07 	 -0.894 	 0
7.13333e-07 	 -0.893 	 0
7.2e-07 	 -0.892 	 0
7.26667e-07 	 -0.891 	 0
7.33333e-07 	 -0.89 	 0
7.4e-07 	 -0.889 	 0
7.46667e-07 	 -0.888 	 0
7.53333e-07 	 -0.887 	 0
7.6e-07 	 -0.886 	 0
7.66667e-07 	 -0.885 	 0
7.73333e-07 	 -0.884 	 0
7.8e-07 	 -0.883 	 0
7.86667e-07 	 -0.882 	 0
7.93333e-07 	 -0.881 	 0
8e-07 	 -0.88 	 0
8.06667e-07 	 -0.879 	 0
8.13333e-07 	 -0.878 	 0
8.2e-07 	 -0.877 	 0
8.26667e-07 	 -0.876 	 0
8.33333e-07 	 -0.875 	 0
8.4e-07 	 -0.874 	 0
8.46667e-07 	 -0.873 	 0
8.53333e-07 	 -0.872 	 0
8.6e-07 	 -0.871 	 0
8.66667e-07 	 -0.87 	 0
8.73333e-07 	 -0.869 	 0
8.8e-07 	 -0.868 	 0
8.86667e-07 	 -0.867 	 0
8.93333e-07 	 -0.866 	 0
9e-07 	 -0.865 	 0
9.06667e-07 	 -0.864 	 0
9.13333e-07 	 -0.863 	 0
9.2e-07 	 -0.862 	 0
9.26667e-07 	 -0.861 	 0
9.33333e-07 	 -0.86 	 0
9.4e-07 	 -0.859 	 0
9.46667e-07 	 -0.858 	 0
9.53333e-07 	 -0.857 	 0
9.6e-07 	 -0.856 	 0
9.66667e-07 	 -0.855 	 0
9.73333e-07 	 -0.854 	 0
9.8e-07 	 -0.853 	 0
9.86667e-07 	 -0.852 	 0
9.93333e-07 	 -0.851 	 0
1e-06 	 -0.85 	 0
1.00667e-06 	 -0.849 	 0
1.01333e-06 	 -0.848 	 0
1.02e-06 	 -0.847 	 0
1.02667e-06 	 -0.846 	 0
1.03333e-06 	 -0.845 	 0
1.04e-06 	 -0.844 	 0
1.04667e-06 	 -0.843 	 0
1.05333e-06 	 -0.842 	 0
1.06e-06 	 -0.841 	 0
1.06667e-06 	 -0.84 	 0
1.07333e-06 	 -0.839 	 0
1.08e-06 	 -0.838 	 0
1.08667e-06 	 -0.837 	 0
1.09333e-06 	 -0.836 	 0
1.1e-06 	 -0.835 	 0
1.10667e-06 	 -0.834 	 0
1.11333e-06 	 -0.833 	 0
1.12e-06 	 -0.832 	 0
1.12667e-06 	 -0.831 	 0
1.13333e-06 	 -0.83 	 0
1.14e-06 	 -0.829 	 0
1.14667e-06 	 -0.828 	 0
1.15333e-06 	 -0.827 	 0
1.16e-06 	 -0.826 	 0
1.16667e-06 	 -0.825 	 0
1.17333e-06 	 -0.824 	 0
1.18e-06 	 -0.823 	 0
1.18667e-06 	 -0.822 	 0
1.19333e-06 	 -0.821 	 0
1.2e-06 	 -0.82 	 0
1.20667e-06 	 -0.819 	 0
1.21333e-06 	 -0.818 	 0
1.22e-06 	 -0.817 	 0
1.22667e-06 	 -0.816 	 0
1.23333e-06 	 -0.815 	 0
1.24e-06 	 -0.814 	 0
1.24667e-06 	 -0.813 	 0
1.25333e-06 	 -0.812 	 0
1.26e-06 	 -0.811 	 0
1.26667e-06 	 -0.81 	 0
1.27333e-06 	 -0.809 	 0
1.28e-06 	 -0.808 	 0
1.28667e-06 	 -0.807 	 0
1.29333e-06 	 -0.806 	 0
1.3e-06 	 -0.805 	 0
1.30667e-06 	 -0.804 	 0
1.31333e-06 	 -0.803 	 0
1.32e-06 	 -0.802 	 0
1.32667e-06 	 -0.801 	 0
1.33333e-06 	 -0.8 	 0
1.34e-06 	 -0.799 	 0
1.34667e-06 	 -0.798 	 0
1.35333e-06 	 -0.797 	 0
1.36e-06 	 -0.796 	 0
1.36667e-06 	 -0.795 	 0
1.37333e-06 	 -0.794 	 0
1.38e-06 	 -0.793 	 0
1.38667e-06 	 -0.792 	 0
1.39333e-06 	 -0.791 	 0
1.4e-06 	 -0.79 	 0
1.40667e-06 	 -0.789 	 0
1.41333e-06 	 -0.788 	 0
1.42e-06 	 -0.787 	 0
1.42667e-06 	 -0.786 	 0
1.43333e-06 	 -0.785 	 0
1.44e-06 	 -0.784 	 0
1.44667e-06 	 -0.783 	 0
1.45333e-06 	 -0.782 	 0
1.46e-06 	 -0.781 	 0
1.46667e-06 	 -0.78 	 0
1.47333e-06 	 -0.779 	 0
1.48e-06 	 -0.778 	 0
1.48667e-06 	 -0.777 	 0
1.49333e-06 	 -0.776 	 0
1.5e-06 	 -0.775 	 0
1.50667e-06 	 -0.774 	 0
1.51333e-06 	 -0.773 	 0
1.52e-06 	 -0.772 	 0
1.52667e-06 	 -0.771 	 0
1.53333e-06 	 -0.77 	 0
1.54e-06 	 -0.769 	 0
1.54667e-06 	 -0.768 	 0
1.55333e-06 	 -0.767 	 0
1.56e-06 	 -0.766 	 0
1.56667e-06 	 -0.765 	 0
1.57333e-06 	 -0.764 	 0
1.58e-06 	 -0.763 	 0
1.58667e-06 	 -0.762 	 0
1.59333e-06 	 -0.761 	 0
1.6e-06 	 -0.76 	 0
1.60667e-06 	 -0.759 	 0
1.61333e-06 	 -0.758 	 0
1.62e-06 	 -0.757 	 0
1.62667e-06 	 -0.756 	 0
1.63333e-06 	 -0.755 	 0
1.64e-06 	 -0.754 	 0
1.64667e-06 	 -0.753 	 0
1.65333e-06 	 -0.752 	 0
1.66e-06 	 -0.751 	 0
1.66667e-06 	 -0.75 	 0
1.67333e-06 	 -0.749 	 0
1.68e-06 	 -0.748 	 0
1.68667e-06 	 -0.747 	 0
1.69333e-06 	 -0.746 	 0
1.7e-06 	 -0.745 	 0
1.70667e-06 	 -0.744 	 0
1.71333e-06 	 -0.743 	 0
1.72e-06 	 -0.742 	 0
1.72667e-06 	 -0.741 	 0
1.73333e-06 	 -0.74 	 0
1.74e-06 	 -0.739 	 0
1.74667e-06 	 -0.738 	 0
1.75333e-06 	 -0.737 	 0
1.76e-06 	 -0.736 	 0
1.76667e-06 	 -0.735 	 0
1.77333e-06 	 -0.734 	 0
1.78e-06 	 -0.733 	 0
1.78667e-06 	 -0.732 	 0
1.79333e-06 	 -0.731 	 0
1.8e-06 	 -0.73 	 0
1.80667e-06 	 -0.729 	 0
1.81333e-06 	 -0.728 	 0
1.82e-06 	 -0.727 	 0
1.82667e-06 	 -0.726 	 0
1.83333e-06 	 -0.725 	 0
1.84e-06 	 -0.724 	 0
1.84667e-06 	 -0.723 	 0
1.85333e-06 	 -0.722 	 0
1.86e-06 	 -0.721 	 0
1.86667e-06 	 -0.72 	 0
1.87333e-06 	 -0.719 	 0
1.88e-06 	 -0.718 	 0
1.88667e-06 	 -0.717 	 0
1.89333e-06 	 -0.716 	 0
1.9e-06 	 -0.715 	 0
1.90667e-06 	 -0.714 	 0
1.91333e-06 	 -0.713 	 0
1.92e-06 	 -0.712 	 0
1.92667e-06 	 -0.711 	 0
1.93333e-06 	 -0.71 	 0
1.94e-06 	 -0.709 	 0
1.94667e-06 	 -0.708 	 0
1.95333e-06 	 -0.707 	 0
1.96e-06 	 -0.706 	 0
1.96667e-06 	 -0.705 	 0
1.97333e-06 	 -0.704 	 0
1.98e-06 	 -0.703 	 0
1.98667e-06 	 -0.702 	 0
1.99333e-06 	 -0.701 	 0
2e-06 	 -0.7 	 0
2.00667e-06 	 -0.699 	 0
2.01333e-06 	 -0.698 	 0
2.02e-06 	 -0.697 	 0
2.02667e-06 	 -0.696 	 0
2.03333e-06 	 -0.695 	 0
2.04e-06 	 -0.694 	 0
2.04667e-06 	 -0.693 	 0
2.05333e-06 	 -0.692 	 0
2.06e-06 	 -0.691 	 0
2.06667e-06 	 -0.69 	 0
2.07333e-06 	 -0.689 	 0
2.08e-06 	 -0.688 	 0
2.08667e-06 	 -0.687 	 0
2.09333e-06 	 -0.686 	 0
2.1e-06 	 -0.685 	 0
2.10667e-06 	 -0.684 	 0
2.11333e-06 	 -0.683 	 0
2.12e-06 	 -0.682 	 0
2.12667e-06 	 -0.681 	 0
2.13333e-06 	 -0.68 	 0
2.14e-06 	 -0.679 	 0
2.14667e-06 	 -0.678 	 0
2.15333e-06 	 -0.677 	 0
2.16e-06 	 -0.676 	 0
2.16667e-06 	 -0.675 	 0
2.17333e-06 	 -0.674 	 0
2.18e-06 	 -0.673 	 0
2.18667e-06 	 -0.672 	 0
2.19333e-06 	 -0.671 	 0
2.2e-06 	 -0.67 	 0
2.20667e-06 	 -0.669 	 0
2.21333e-06 	 -0.668 	 0
2.22e-06 	 -0.667 	 0
2.22667e-06 	 -0.666 	 0
2.23333e-06 	 -0.665 	 0
2.24e-06 	 -0.664 	 0
2.24667e-06 	 -0.663 	 0
2.25333e-06 	 -0.662 	 0
2.26e-06 	 -0.661 	 0
2.26667e-06 	 -0.66 	 0
2.27333e-06 	 -0.659 	 0
2.28e-06 	 -0.658 	 0
2.28667e-06 	 -0.657 	 0
2.29333e-06 	 -0.656 	 0
2.3e-06 	 -0.655 	 0
2.30667e-06 	 -0.654 	 0
2.31333e-06 	 -0.653 	 0
2.32e-06 	 -0.652 	 0
2.32667e-06 	 -0.651 	 0
2.33333e-06 	 -0.65 	 0
2.34e-06 	 -0.649 	 0
2.34667e-06 	 -0.648 	 0
2.35333e-06 	 -0.647 	 0
2.36e-06 	 -0.646 	 0
2.36667e-06 	 -0.645 	 0
2.37333e-06 	 -0.644 	 0
2.38e-06 	 -0.643 	 0
2.38667e-06 	 -0.642 	 0
2.39333e-06 	 -0.641 	 0
2.4e-06 	 -0.64 	 0
2.40667e-06 	 -0.639 	 0
2.41333e-06 	 -0.638 	 0
2.42e-06 	 -0.637 	 0
2.42667e-06 	 -0.636 	 0
2.43333e-06 	 -0.635 	 0
2.44e-06 	 -0.634 	 0
2.44667e-06 	 -0.633 	 0
2.45333e-06 	 -0.632 	 0
2.46e-06 	 -0.631 	 0
2.46667e-06 	 -0.63 	 0
2.47333e-06 	 -0.629 	 0
2.48e-06 	 -0.628 	 0
2.48667e-06 	 -0.627 	 0
2.49333e-06 	 -0.626 	 0
2.5e-06 	 -0.625 	 0
2.50667e-06 	 -0.624 	 0
2.51333e-06 	 -0.623 	 0
2.52e-06 	 -0.622 	 0
2.52667e-06 	 -0.621 	 0
2.53333e-06 	 -0.62 	 0
2.54e-06 	 -0.619 	 0
2.54667e-06 	 -0.618 	 0
2.55333e-06 	 -0.617 	 0
2.56e-06 	 -0.616 	 0
2.56667e-06 	 -0.615 	 0
2.57333e-06 	 -0.614 	 0
2.58e-06 	 -0.613 	 0
2.58667e-06 	 -0.612 	 0
2.59333e-06 	 -0.611 	 0
2.6e-06 	 -0.61 	 0
2.60667e-06 	 -0.609 	 0
2.61333e-06 	 -0.608 	 0
2.62e-06 	 -0.607 	 0
2.62667e-06 	 -0.606 	 0
2.63333e-06 	 -0.605 	 0
2.64e-06 	 -0.604 	 0
2.64667e-06 	 -0.603 	 0
2.65333e-06 	 -0.602 	 0
2.66e-06 	 -0.601 	 0
2.66667e-06 	 -0.6 	 0
2.67333e-06 	 -0.599 	 0
2.68e-06 	 -0.598 	 0
2.68667e-06 	 -0.597 	 0
2.69333e-06 	 -0.596 	 0
2.7e-06 	 -0.595 	 0
2.70667e-06 	 -0.594 	 0
2.71333e-06 	 -0.593 	 0
2.72e-06 	 -0.592 	 0
2.72667e-06 	 -0.591 	 0
2.73333e-06 	 -0.59 	 0
2.74e-06 	 -0.589 	 0
2.74667e-06 	 -0.588 	 0
2.75333e-06 	 -0.587 	 0
2.76e-06 	 -0.586 	 0
2.76667e-06 	 -0.585 	 0
2.77333e-06 	 -0.584 	 0
2.78e-06 	 -0.583 	 0
2.78667e-06 	 -0.582 	 0
2.79333e-06 	 -0.581 	 0
2.8e-06 	 -0.58 	 0
2.80667e-06 	 -0.579 	 0
2.81333e-06 	 -0.578 	 0
2.82e-06 	 -0.577 	 0
2.82667e-06 	 -0.576 	 0
2.83333e-06 	 -0.575 	 0
2.84e-06 	 -0.574 	 0
2.84667e-06 	 -0.573 	 0
2.85333e-06 	 -0.572 	 0
2.86e-06 	 -0.571 	 0
2.86667e-06 	 -0.57 	 0
2.87333e-06 	 -0.569 	 0
2.88e-06 	 -0.568 	 0
2.88667e-06 	 -0.567 	 0
2.89333e-06 	 -0.566 	 0
2.9e-06 	 -0.565 	 0
2.90667e-06 	 -0.564 	 0
2.91333e-06 	 -0.563 	 0
2.92e-06 	 -0.562 	 0
2.92667e-06 	 -0.561 	 0
2.93333e-06 	 -0.56 	 0
2.94e-06 	 -0.559 	 0
2.94667e-06 	 -0.558 	 0
2.95333e-06 	 -0.557 	 0
2.96e-06 	 -0.556 	 0
2.96667e-06 	 -0.555 	 0
2.97333e-06 	 -0.554 	 0
2.98e-06 	 -0.553 	 0
2.98667e-06 	 -0.552 	 0
2.99333e-06 	 -0.551 	 0
3e-06 	 -0.55 	 0
3.00667e-06 	 -0.549 	 0
3.01333e-06 	 -0.548 	 0
3.02e-06 	 -0.547 	 0
3.02667e-06 	 -0.546 	 0
3.03333e-06 	 -0.545 	 0
3.04e-06 	 -0.544 	 0
3.04667e-06 	 -0.543 	 0
3.05333e-06 	 -0.542 	 0
3.06e-06 	 -0.541 	 0
3.06667e-06 	 -0.54 	 0
3.07333e-06 	 -0.539 	 0
3.08e-06 	 -0.538 	 0
3.08667e-06 	 -0.537 	 0
3.09333e-06 	 -0.536 	 0
3.1e-06 	 -0.535 	 0
3.10667e-06 	 -0.534 	 0
3.11333e-06 	 -0.533 	 0
3.12e-06 	 -0.532 	 0
3.12667e-06 	 -0.531 	 0
3.13333e-06 	 -0.53 	 0
3.14e-06 	 -0.529 	 0
3.14667e-06 	 -0.528 	 0
3.15333e-06 	 -0.527 	 0
3.16e-06 	 -0.526 	 0
3.16667e-06 	 -0.525 	 0
3.17333e-06 	 -0.524 	 0
3.18e-06 	 -0.523 	 0
3.18667e-06 	 -0.522 	 0
3.19333e-06 	 -0.521 	 0
3.2e-06 	 -0.52 	 0
3.20667e-06 	 -0.519 	 0
3.21333e-06 	 -0.518 	 0
3.22e-06 	 -0.517 	 0
3.22667e-06 	 -0.516 	 0
3.23333e-06 	 -0.515 	 0
3.24e-06 	 -0.514 	 0
3.24667e-06 	 -0.513 	 0
3.25333e-06 	 -0.512 	 0
3.26e-06 	 -0.511 	 0
3.26667e-06 	 -0.51 	 0
3.27333e-06 	 -0.509 	 0
3.28e-06 	 -0.508 	 0
3.28667e-06 	 -0.507 	 0
3.29333e-06 	 -0.506 	 0
3.3e-06 	 -0.505 	 0
3.30667e-06 	 -0.504 	 0
3.31333e-06 	 -0.503 	 0
3.32e-06 	 -0.502 	 0
3.32667e-06 	 -0.501 	 0
3.33333e-06 	 -0.5 	 0
3.34e-06 	 -0.499 	 0
3.34667e-06 	 -0.498 	 0
3.35333e-06 	 -0.497 	 0
3.36e-06 	 -0.496 	 0
3.36667e-06 	 -0.495 	 0
3.37333e-06 	 -0.494 	 0
3.38e-06 	 -0.493 	 0
3.38667e-06 	 -0.492 	 0
3.39333e-06 	 -0.491 	 0
3.4e-06 	 -0.49 	 0
3.40667e-06 	 -0.489 	 0
3.41333e-06 	 -0.488 	 0
3.42e-06 	 -0.487 	 0
3.42667e-06 	 -0.486 	 0
3.43333e-06 	 -0.485 	 0
3.44e-06 	 -0.484 	 0
3.44667e-06 	 -0.483 	 0
3.45333e-06 	 -0.482 	 0
3.46e-06 	 -0.481 	 0
3.46667e-06 	 -0.48 	 0
3.47333e-06 	 -0.479 	 0
3.48e-06 	 -0.478 	 0
3.48667e-06 	 -0.477 	 0
3.49333e-06 	 -0.476 	 0
3.5e-06 	 -0.475 	 0
3.50667e-06 	 -0.474 	 0
3.51333e-06 	 -0.473 	 0
3.52e-06 	 -0.472 	 0
3.52667e-06 	 -0.471 	 0
3.53333e-06 	 -0.47 	 0
3.54e-06 	 -0.469 	 0
3.54667e-06 	 -0.468 	 0
3.55333e-06 	 -0.467 	 0
3.56e-06 	 -0.466 	 0
3.56667e-06 	 -0.465 	 0
3.57333e-06 	 -0.464 	 0
3.58e-06 	 -0.463 	 0
3.58667e-06 	 -0.462 	 0
3.59333e-06 	 -0.461 	 0
3.6e-06 	 -0.46 	 0
3.60667e-06 	 -0.459 	 0
3.61333e-06 	 -0.458 	 0
3.62e-06 	 -0.457 	 0
3.62667e-06 	 -0.456 	 0
3.63333e-06 	 -0.455 	 0
3.64e-06 	 -0.454 	 0
3.64667e-06 	 -0.453 	 0
3.65333e-06 	 -0.452 	 0
3.66e-06 	 -0.451 	 0
3.66667e-06 	 -0.45 	 0
3.67333e-06 	 -0.449 	 0
3.68e-06 	 -0.448 	 0
3.68667e-06 	 -0.447 	 0
3.69333e-06 	 -0.446 	 0
3.7e-06 	 -0.445 	 0
3.70667e-06 	 -0.444 	 0
3.71333e-06 	 -0.443 	 0
3.72e-06 	 -0.442 	 0
3.72667e-06 	 -0.441 	 0
3.73333e-06 	 -0.44 	 0
3.74e-06 	 -0.439 	 0
3.74667e-06 	 -0.438 	 0
3.75333e-06 	 -0.437 	 0
3.76e-06 	 -0.436 	 0
3.76667e-06 	 -0.435 	 0
3.77333e-06 	 -0.434 	 0
3.78e-06 	 -0.433 	 0
3.78667e-06 	 -0.432 	 0
3.79333e-06 	 -0.431 	 0
3.8e-06 	 -0.43 	 0
3.80667e-06 	 -0.429 	 0
3.81333e-06 	 -0.428 	 0
3.82e-06 	 -0.427 	 0
3.82667e-06 	 -0.426 	 0
3.83333e-06 	 -0.425 	 0
3.84e-06 	 -0.424 	 0
3.84667e-06 	 -0.423 	 0
3.85333e-06 	 -0.422 	 0
3.86e-06 	 -0.421 	 0
3.86667e-06 	 -0.42 	 0
3.87333e-06 	 -0.419 	 0
3.88e-06 	 -0.418 	 0
3.88667e-06 	 -0.417 	 0
3.89333e-06 	 -0.416 	 0
3.9e-06 	 -0.415 	 0
3.90667e-06 	 -0.414 	 0
3.91333e-06 	 -0.413 	 0
3.92e-06 	 -0.412 	 0
3.92667e-06 	 -0.411 	 0
3.93333e-06 	 -0.41 	 0
3.94e-06 	 -0.409 	 0
3.94667e-06 	 -0.408 	 0
3.95333e-06 	 -0.407 	 0
3.96e-06 	 -0.406 	 0
3.96667e-06 	 -0.405 	 0
3.97333e-06 	 -0.404 	 0
3.98e-06 	 -0.403 	 0
3.98667e-06 	 -0.402 	 0
3.99333e-06 	 -0.401 	 0
4e-06 	 -0.4 	 0
4.00667e-06 	 -0.399 	 0
4.01333e-06 	 -0.398 	 0
4.02e-06 	 -0.397 	 0
4.02667e-06 	 -0.396 	 0
4.03333e-06 	 -0.395 	 0
4.04e-06 	 -0.394 	 0
4.04667e-06 	 -0.393 	 0
4.05333e-06 	 -0.392 	 0
4.06e-06 	 -0.391 	 0
4.06667e-06 	 -0.39 	 0
4.07333e-06 	 -0.389 	 0
4.08e-06 	 -0.388 	 0
4.08667e-06 	 -0.387 	 0
4.09333e-06 	 -0.386 	 0
4.1e-06 	 -0.385 	 0
4.10667e-06 	 -0.384 	 0
4.11333e-06 	 -0.383 	 0
4.12e-06 	 -0.382 	 0
4.12667e-06 	 -0.381 	 0
4.13333e-06 	 -0.38 	 0
4.14e-06 	 -0.379 	 0
4.14667e-06 	 -0.378 	 0
4.15333e-06 	 -0.377 	 0
4.16e-06 	 -0.376 	 0
4.16667e-06 	 -0.375 	 0
4.17333e-06 	 -0.374 	 0
4.18e-06 	 -0.373 	 0
4.18667e-06 	 -0.372 	 0
4.19333e-06 	 -0.371 	 0
4.2e-06 	 -0.37 	 0
4.20667e-06 	 -0.369 	 0
4.21333e-06 	 -0.368 	 0
4.22e-06 	 -0.367 	 0
4.22667e-06 	 -0.366 	 0
4.23333e-06 	 -0.365 	 0
4.24e-06 	 -0.364 	 0
4.24667e-06 	 -0.363 	 0
4.25333e-06 	 -0.362 	 0
4.26e-06 	 -0.361 	 0
4.26667e-06 	 -0.36 	 0
4.27333e-06 	 -0.359 	 0
4.28e-06 	 -0.358 	 0
4.28667e-06 	 -0.357 	 0
4.29333e-06 	 -0.356 	 0
4.3e-06 	 -0.355 	 0
4.30667e-06 	 -0.354 	 0
4.31333e-06 	 -0.353 	 0
4.32e-06 	 -0.352 	 0
4.32667e-06 	 -0.351 	 0
4.33333e-06 	 -0.35 	 0
4.34e-06 	 -0.349 	 0
4.34667e-06 	 -0.348 	 0
4.35333e-06 	 -0.347 	 0
4.36e-06 	 -0.346 	 0
4.36667e-06 	 -0.345 	 0
4.37333e-06 	 -0.344 	 0
4.38e-06 	 -0.343 	 0
4.38667e-06 	 -0.342 	 0
4.39333e-06 	 -0.341 	 0
4.4e-06 	 -0.34 	 0
4.40667e-06 	 -0.339 	 0
4.41333e-06 	 -0.338 	 0
4.42e-06 	 -0.337 	 0
4.42667e-06 	 -0.336 	 0
4.43333e-06 	 -0.335 	 0
4.44e-06 	 -0.334 	 0
4.44667e-06 	 -0.333 	 0
4.45333e-06 	 -0.332 	 0
4.46e-06 	 -0.331 	 0
4.46667e-06 	 -0.33 	 0
4.47333e-06 	 -0.329 	 0
4.48e-06 	 -0.328 	 0
4.48667e-06 	 -0.327 	 0
4.49333e-06 	 -0.326 	 0
4.5e-06 	 -0.325 	 0
4.50667e-06 	 -0.324 	 0
4.51333e-06 	 -0.323 	 0
4.52e-06 	 -0.322 	 0
4.52667e-06 	 -0.321 	 0
4.53333e-06 	 -0.32 	 0
4.54e-06 	 -0.319 	 0
4.54667e-06 	 -0.318 	 0
4.55333e-06 	 -0.317 	 0
4.56e-06 	 -0.316 	 0
4.56667e-06 	 -0.315 	 0
4.57333e-06 	 -0.314 	 0
4.58e-06 	 -0.313 	 0
4.58667e-06 	 -0.312 	 0
4.59333e-06 	 -0.311 	 0
4.6e-06 	 -0.31 	 0
4.60667e-06 	 -0.309 	 0
4.61333e-06 	 -0.308 	 0
4.62e-06 	 -0.307 	 0
4.62667e-06 	 -0.306 	 0
4.63333e-06 	 -0.305 	 0
4.64e-06 	 -0.304 	 0
4.64667e-06 	 -0.303 	 0
4.65333e-06 	 -0.302 	 0
4.66e-06 	 -0.301 	 0
4.66667e-06 	 -0.3 	 0
4.67333e-06 	 -0.299 	 0
4.68e-06 	 -0.298 	 0
4.68667e-06 	 -0.297 	 0
4.69333e-06 	 -0.296 	 0
4.7e-06 	 -0.295 	 0
4.70667e-06 	 -0.294 	 0
4.71333e-06 	 -0.293 	 0
4.72e-06 	 -0.292 	 0
4.72667e-06 	 -0.291 	 0
4.73333e-06 	 -0.29 	 0
4.74e-06 	 -0.289 	 0
4.74667e-06 	 -0.288 	 0
4.75333e-06 	 -0.287 	 0
4.76e-06 	 -0.286 	 0
4.76667e-06 	 -0.285 	 0
4.77333e-06 	 -0.284 	 0
4.78e-06 	 -0.283 	 0
4.78667e-06 	 -0.282 	 0
4.79333e-06 	 -0.281 	 0
4.8e-06 	 -0.28 	 0
4.80667e-06 	 -0.279 	 0
4.81333e-06 	 -0.278 	 0
4.82e-06 	 -0.277 	 0
4.82667e-06 	 -0.276 	 0
4.83333e-06 	 -0.275 	 0
4.84e-06 	 -0.274 	 0
4.84667e-06 	 -0.273 	 0
4.85333e-06 	 -0.272 	 0
4.86e-06 	 -0.271 	 0
4.86667e-06 	 -0.27 	 0
4.87333e-06 	 -0.269 	 0
4.88e-06 	 -0.268 	 0
4.88667e-06 	 -0.267 	 0
4.89333e-06 	 -0.266 	 0
4.9e-06 	 -0.265 	 0
4.90667e-06 	 -0.264 	 0
4.91333e-06 	 -0.263 	 0
4.92e-06 	 -0.262 	 0
4.92667e-06 	 -0.261 	 0
4.93333e-06 	 -0.26 	 0
4.94e-06 	 -0.259 	 0
4.94667e-06 	 -0.258 	 0
4.95333e-06 	 -0.257 	 0
4.96e-06 	 -0.256 	 0
4.96667e-06 	 -0.255 	 0
4.97333e-06 	 -0.254 	 0
4.98e-06 	 -0.253 	 0
4.98667e-06 	 -0.252 	 0
4.99333e-06 	 -0.251 	 0
5e-06 	 -0.25 	 0
5.00667e-06 	 -0.249 	 0
5.01333e-06 	 -0.248 	 0
5.02e-06 	 -0.247 	 0
5.02667e-06 	 -0.246 	 0
5.03333e-06 	 -0.245 	 0
5.04e-06 	 -0.244 	 0
5.04667e-06 	 -0.243 	 0
5.05333e-06 	 -0.242 	 0
5.06e-06 	 -0.241 	 0
5.06667e-06 	 -0.24 	 0
5.07333e-06 	 -0.239 	 0
5.08e-06 	 -0.238 	 0
5.08667e-06 	 -0.237 	 0
5.09333e-06 	 -0.236 	 0
5.1e-06 	 -0.235 	 0
5.10667e-06 	 -0.234 	 0
5.11333e-06 	 -0.233 	 0
5.12e-06 	 -0.232 	 0
5.12667e-06 	 -0.231 	 0
5.13333e-06 	 -0.23 	 0
5.14e-06 	 -0.229 	 0
5.14667e-06 	 -0.228 	 0
5.15333e-06 	 -0.227 	 0
5.16e-06 	 -0.226 	 0
5.16667e-06 	 -0.225 	 0
5.17333e-06 	 -0.224 	 0
5.18e-06 	 -0.223 	 0
5.18667e-06 	 -0.222 	 0
5.19333e-06 	 -0.221 	 0
5.2e-06 	 -0.22 	 0
5.20667e-06 	 -0.219 	 0
5.21333e-06 	 -0.218 	 0
5.22e-06 	 -0.217 	 0
5.22667e-06 	 -0.216 	 0
5.23333e-06 	 -0.215 	 0
5.24e-06 	 -0.214 	 0
5.24667e-06 	 -0.213 	 0
5.25333e-06 	 -0.212 	 0
5.26e-06 	 -0.211 	 0
5.26667e-06 	 -0.21 	 0
5.27333e-06 	 -0.209 	 0
5.28e-06 	 -0.208 	 0
5.28667e-06 	 -0.207 	 0
5.29333e-06 	 -0.206 	 0
5.3e-06 	 -0.205 	 0
5.30667e-06 	 -0.204 	 0
5.31333e-06 	 -0.203 	 0
5.32e-06 	 -0.202 	 0
5.32667e-06 	 -0.201 	 0
5.33333e-06 	 -0.2 	 0
5.34e-06 	 -0.199 	 0
5.34667e-06 	 -0.198 	 0
5.35333e-06 	 -0.197 	 0
5.36e-06 	 -0.196 	 0
5.36667e-06 	 -0.195 	 0
5.37333e-06 	 -0.194 	 0
5.38e-06 	 -0.193 	 0
5.38667e-06 	 -0.192 	 0
5.39333e-06 	 -0.191 	 0
5.4e-06 	 -0.19 	 0
5.40667e-06 	 -0.189 	 0
5.41333e-06 	 -0.188 	 0
5.42e-06 	 -0.187 	 0
5.42667e-06 	 -0.186 	 0
5.43333e-06 	 -0.185 	 0
5.44e-06 	 -0.184 	 0
5.44667e-06 	 -0.183 	 0
5.45333e-06 	 -0.182 	 0
5.46e-06 	 -0.181 	 0
5.46667e-06 	 -0.18 	 0
5.47333e-06 	 -0.179 	 0
5.48e-06 	 -0.178 	 0
5.48667e-06 	 -0.177 	 0
5.49333e-06 	 -0.176 	 0
5.5e-06 	 -0.175 	 0
5.50667e-06 	 -0.174 	 0
5.51333e-06 	 -0.173 	 0
5.52e-06 	 -0.172 	 0
5.52667e-06 	 -0.171 	 0
5.53333e-06 	 -0.17 	 0
5.54e-06 	 -0.169 	 0
5.54667e-06 	 -0.168 	 0
5.55333e-06 	 -0.167 	 0
5.56e-06 	 -0.166 	 0
5.56667e-06 	 -0.165 	 0
5.57333e-06 	 -0.164 	 0
5.58e-06 	 -0.163 	 0
5.58667e-06 	 -0.162 	 0
5.59333e-06 	 -0.161 	 0
5.6e-06 	 -0.16 	 0
5.60667e-06 	 -0.159 	 0
5.61333e-06 	 -0.158 	 0
5.62e-06 	 -0.157 	 0
5.62667e-06 	 -0.156 	 0
5.63333e-06 	 -0.155 	 0
5.64e-06 	 -0.154 	 0
5.64667e-06 	 -0.153 	 0
5.65333e-06 	 -0.152 	 0
5.66e-06 	 -0.151 	 0
5.66667e-06 	 -0.15 	 0
5.67333e-06 	 -0.149 	 0
5.68e-06 	 -0.148 	 0
5.68667e-06 	 -0.147 	 0
5.69333e-06 	 -0.146 	 0
5.7e-06 	 -0.145 	 0
5.70667e-06 	 -0.144 	 0
5.71333e-06 	 -0.143 	 0
5.72e-06 	 -0.142 	 0
5.72667e-06 	 -0.141 	 0
5.73333e-06 	 -0.14 	 0
5.74e-06 	 -0.139 	 0
5.74667e-06 	 -0.138 	 0
5.75333e-06 	 -0.137 	 0
5.76e-06 	 -0.136 	 0
5.76667e-06 	 -0.135 	 0
5.77333e-06 	 -0.134 	 0
5.78e-06 	 -0.133 	 0
5.78667e-06 	 -0.132 	 0
5.79333e-06 	 -0.131 	 0
5.8e-06 	 -0.13 	 0
5.80667e-06 	 -0.129 	 0
5.81333e-06 	 -0.128 	 0
5.82e-06 	 -0.127 	 0
5.82667e-06 	 -0.126 	 0
5.83333e-06 	 -0.125 	 0
5.84e-06 	 -0.124 	 0
5.84667e-06 	 -0.123 	 0
5.85333e-06 	 -0.122 	 0
5.86e-06 	 -0.121 	 0
5.86667e-06 	 -0.12 	 0
5.87333e-06 	 -0.119 	 0
5.88e-06 	 -0.118 	 0
5.88667e-06 	 -0.117 	 0
5.89333e-06 	 -0.116 	 0
5.9e-06 	 -0.115 	 0
5.90667e-06 	 -0.114 	 0
5.91333e-06 	 -0.113 	 0
5.92e-06 	 -0.112 	 0
5.92667e-06 	 -0.111 	 0
5.93333e-06 	 -0.11 	 0
5.94e-06 	 -0.109 	 0
5.94667e-06 	 -0.108 	 0
5.95333e-06 	 -0.107 	 0
5.96e-06 	 -0.106 	 0
5.96667e-06 	 -0.105 	 0
5.97333e-06 	 -0.104 	 0
5.98e-06 	 -0.103 	 0
5.98667e-06 	 -0.102 	 0
5.99333e-06 	 -0.101 	 0
6e-06 	 -0.1 	 0
6.00667e-06 	 -0.099 	 0
6.01333e-06 	 -0.098 	 0
6.02e-06 	 -0.097 	 0
6.02667e-06 	 -0.096 	 0
6.03333e-06 	 -0.095 	 0
6.04e-06 	 -0.094 	 0
6.04667e-06 	 -0.093 	 0
6.05333e-06 	 -0.092 	 0
6.06e-06 	 -0.091 	 0
6.06667e-06 	 -0.09 	 0
6.07333e-06 	 -0.089 	 0
6.08e-06 	 -0.088 	 0
6.08667e-06 	 -0.087 	 0
6.09333e-06 	 -0.086 	 0
6.1e-06 	 -0.085 	 0
6.10667e-06 	 -0.084 	 0
6.11333e-06 	 -0.083 	 0
6.12e-06 	 -0.082 	 0
6.12667e-06 	 -0.081 	 0
6.13333e-06 	 -0.08 	 0
6.14e-06 	 -0.079 	 0
6.14667e-06 	 -0.078 	 0
6.15333e-06 	 -0.077 	 0
6.16e-06 	 -0.076 	 0
6.16667e-06 	 -0.075 	 0
6.17333e-06 	 -0.074 	 0
6.18e-06 	 -0.073 	 0
6.18667e-06 	 -0.072 	 0
6.19333e-06 	 -0.071 	 0
6.2e-06 	 -0.07 	 0
6.20667e-06 	 -0.069 	 0
6.21333e-06 	 -0.068 	 0
6.22e-06 	 -0.067 	 0
6.22667e-06 	 -0.066 	 0
6.23333e-06 	 -0.065 	 0
6.24e-06 	 -0.064 	 0
6.24667e-06 	 -0.063 	 0
6.25333e-06 	 -0.062 	 0
6.26e-06 	 -0.061 	 0
6.26667e-06 	 -0.06 	 0
6.27333e-06 	 -0.059 	 0
6.28e-06 	 -0.058 	 0
6.28667e-06 	 -0.057 	 0
6.29333e-06 	 -0.056 	 0
6.3e-06 	 -0.055 	 0
6.30667e-06 	 -0.054 	 0
6.31333e-06 	 -0.053 	 0
6.32e-06 	 -0.052 	 0
6.32667e-06 	 -0.051 	 0
6.33333e-06 	 -0.05 	 0
6.34e-06 	 -0.049 	 0
6.34667e-06 	 -0.048 	 0
6.35333e-06 	 -0.047 	 0
6.36e-06 	 -0.046 	 0
6.36667e-06 	 -0.045 	 0
6.37333e-06 	 -0.044 	 0
6.38e-06 	 -0.043 	 0
6.38667e-06 	 -0.042 	 0
6.39333e-06 	 -0.041 	 0
6.4e-06 	 -0.04 	 0
6.40667e-06 	 -0.039 	 0
6.41333e-06 	 -0.038 	 0
6.42e-06 	 -0.037 	 0
6.42667e-06 	 -0.036 	 0
6.43333e-06 	 -0.035 	 0
6.44e-06 	 -0.034 	 0
6.44667e-06 	 -0.033 	 0
6.45333e-06 	 -0.032 	 0
6.46e-06 	 -0.031 	 0
6.46667e-06 	 -0.03 	 0
6.47333e-06 	 -0.029 	 0
6.48e-06 	 -0.028 	 0
6.48667e-06 	 -0.027 	 0
6.49333e-06 	 -0.026 	 0
6.5e-06 	 -0.025 	 0
6.50667e-06 	 -0.024 	 0
6.51333e-06 	 -0.023 	 0
6.52e-06 	 -0.022 	 0
6.52667e-06 	 -0.021 	 0
6.53333e-06 	 -0.02 	 0
6.54e-06 	 -0.019 	 0
6.54667e-06 	 -0.018 	 0
6.55333e-06 	 -0.017 	 0
6.56e-06 	 -0.016 	 0
6.56667e-06 	 -0.015 	 0
6.57333e-06 	 -0.014 	 0
6.58e-06 	 -0.013 	 0
6.58667e-06 	 -0.012 	 0
6.59333e-06 	 -0.011 	 0
6.6e-06 	 -0.01 	 0
6.60667e-06 	 -0.009 	 0
6.61333e-06 	 -0.008 	 0
6.62e-06 	 -0.007 	 0
6.62667e-06 	 -0.006 	 0
6.63333e-06 	 -0.005 	 0
6.64e-06 	 -0.004 	 0
6.64667e-06 	 -0.003 	 0.00777321
6.65333e-06 	 -0.002 	 0.0232251
6.66e-06 	 -0.001 	 0.0381483
6.66667e-06 	 0 	 0.0519325
6.67333e-06 	 0.001 	 0.056595
6.68e-06 	 0.002 	 0.0523409
6.68667e-06 	 0.003 	 0.0474956
6.69333e-06 	 0.004 	 0.0428825
6.7e-06 	 0.005 	 0.038923
6.70667e-06 	 0.006 	 0.0355907
6.71333e-06 	 0.007 	 0.0328452
6.72e-06 	 0.008 	 0.030587
6.72667e-06 	 0.009 	 0.0286056
6.73333e-06 	 0.01 	 0.0267575
6.74e-06 	 0.011 	 0.0251342
6.74667e-06 	 0.012 	 0.0236339
6.75333e-06 	 0.013 	 0.0222276
6.76e-06 	 0.014 	 0.0209086
6.76667e-06 	 0.015 	 0.0196216
6.77333e-06 	 0.016 	 0.0183988
6.78e-06 	 0.017 	 0.0173003
6.78667e-06 	 0.018 	 0.0163081
6.79333e-06 	 0.019 	 0.0151696
6.8e-06 	 0.02 	 0.0141168
6.80667e-06 	 0.021 	 0.0130404
6.81333e-06 	 0.022 	 0.0119644
6.82e-06 	 0.023 	 0.011122
6.82667e-06 	 0.024 	 0.0101254
6.83333e-06 	 0.025 	 0.00916457
6.84e-06 	 0.026 	 0.00822694
6.84667e-06 	 0.027 	 0.007121
6.85333e-06 	 0.028 	 0.00610651
6.86e-06 	 0.029 	 0.00497432
6.86667e-06 	 0.03 	 0.00383381
6.87333e-06 	 0.031 	 0.00278423
6.88e-06 	 0.032 	 0.00160479
6.88667e-06 	 0.033 	 0.000339109
6.89333e-06 	 0.034 	 -0.000894379
6.9e-06 	 0.035 	 -0.00195893
6.90667e-06 	 0.036 	 -0.00305267
6.91333e-06 	 0.037 	 -0.00390351
6.92e-06 	 0.038 	 -0.00463774
6.92667e-06 	 0.039 	 -0.00558109
6.93333e-06 	 0.04 	 -0.00615072
6.94e-06 	 0.041 	 -0.00666075
6.94667e-06 	 0.042 	 -0.00731124
6.95333e-06 	 0.043 	 -0.00773509
6.96e-06 	 0.044 	 -0.00804713
6.96667e-06 	 0.045 	 -0.00819643
6.97333e-06 	 0.046 	 -0.0081625
6.98e-06 	 0.047 	 -0.00340812
6.98667e-06 	 0.048 	 0.0058299
6.99333e-06 	 0.049 	 0.0144474
7e-06 	 0.05 	 0.022128
7.00667e-06 	 0.051 	 0.0243449
7.01333e-06 	 0.052 	 0.0210243
7.02e-06 	 0.053 	 0.0174691
7.02667e-06 	 0.054 	 0.0145158
7.03333e-06 	 0.055 	 0.0118043
7.04e-06 	 0.056 	 0.00944474
7.04667e-06 	 0.057 	 0.00764025
7.05333e-06 	 0.058 	 0.00606539
7.06e-06 	 0.059 	 0.00466512
7.06667e-06 	 0.06 	 0.00356311
7.07333e-06 	 0.061 	 0.00258813
7.08e-06 	 0.062 	 0.00147484
7.08667e-06 	 0.063 	 0.000514095
7.09333e-06 	 0.064 	 -0.000272853
7.1e-06 	 0.065 	 -0.00117449
7.10667e-06 	 0.066 	 -0.002038
7.11333e-06 	 0.067 	 -0.00253777
7.12e-06 	 0.068 	 -0.00313775
7.12667e-06 	 0.069 	 -0.00394585
7.13333e-06 	 0.07 	 -0.00445758
7.14e-06 	 0.071 	 -0.00519215
7.14667e-06 	 0.072 	 -0.0057516
7.15333e-06 	 0.073 	 -0.00613843
7.16e-06 	 0.074 	 -0.00664494
7.16667e-06 	 0.075 	 -0.00716568
7.17333e-06 	 0.076 	 -0.0078027
7.18e-06 	 0.077 	 -0.00831689
7.18667e-06 	 0.078 	 -0.00895301
7.19333e-06 	 0.079 	 -0.00951568
7.2e-06 	 0.08 	 -0.0100265
7.20667e-06 	 0.081 	 -0.0106472
7.21333e-06 	 0.082 	 -0.0111517
7.22e-06 	 0.083 	 -0.0117236
7.22667e-06 	 0.084 	 -0.0123471
7.23333e-06 	 0.085 	 -0.0126717
7.24e-06 	 0.086 	 -0.0129384
7.24667e-06 	 0.087 	 -0.0132505
7.25333e-06 	 0.088 	 -0.0133571
7.26e-06 	 0.089 	 -0.0134886
7.26667e-06 	 0.09 	 -0.0136483
7.27333e-06 	 0.091 	 -0.0136476
7.28e-06 	 0.092 	 -0.0135605
7.28667e-06 	 0.093 	 -0.0135356
7.29333e-06 	 0.094 	 -0.013296
7.3e-06 	 0.095 	 -0.0129245
7.30667e-06 	 0.096 	 -0.0127458
7.31333e-06 	 0.097 	 -0.0158107
7.32e-06 	 0.098 	 -0.0223025
7.32667e-06 	 0.099 	 -0.0285494
7.33333e-06 	 0.1 	 -0.0340023
7.34e-06 	 0.101 	 -0.0354435
7.34667e-06 	 0.102 	 -0.0328853
7.35333e-06 	 0.103 	 -0.030123
7.36e-06 	 0.104 	 -0.0276832
7.36667e-06 	 0.105 	 -0.0255627
7.37333e-06 	 0.106 	 -0.0238545
7.38e-06 	 0.107 	 -0.0223863
7.38667e-06 	 0.108 	 -0.0210061
7.39333e-06 	 0.109 	 -0.0198615
7.4e-06 	 0.11 	 -0.0188048
7.40667e-06 	 0.111 	 -0.0177792
7.41333e-06 	 0.112 	 -0.0168987
7.42e-06 	 0.113 	 -0.0160515
7.42667e-06 	 0.114 	 -0.015159
7.43333e-06 	 0.115 	 -0.0144274
7.44e-06 	 0.116 	 -0.0137161
7.44667e-06 	 0.117 	 -0.0129703
7.45333e-06 	 0.118 	 -0.0122959
7.46e-06 	 0.119 	 -0.0116108
7.46667e-06 	 0.12 	 -0.0109125
7.47333e-06 	 0.121 	 -0.0102651
7.48e-06 	 0.122 	 -0.00964044
7.48667e-06 	 0.123 	 -0.00899138
7.49333e-06 	 0.124 	 -0.00840481
7.5e-06 	 0.125 	 -0.00779137
7.50667e-06 	 0.126 	 -0.0071313
7.51333e-06 	 0.127 	 -0.00649254
7.52e-06 	 0.128 	 -0.00580204
7.52667e-06 	 0.129 	 -0.00509932
7.53333e-06 	 0.13 	 -0.00443779
7.54e-06 	 0.131 	 -0.00378076
7.54667e-06 	 0.132 	 -0.00315953
7.55333e-06 	 0.133 	 -0.00259511
7.56e-06 	 0.134 	 -0.00209603
7.56667e-06 	 0.135 	 -0.00166328
7.57333e-06 	 0.136 	 -0.00129529
7.58e-06 	 0.137 	 -0.000942215
7.58667e-06 	 0.138 	 -0.000598819
7.59333e-06 	 0.139 	 -0.000325182
7.6e-06 	 0.14 	 -0.000117251
7.60667e-06 	 0.141 	 -1.50559e-05
7.61333e-06 	 0.142 	 0
7.62e-06 	 0.143 	 0
7.62667e-06 	 0.144 	 0
7.63333e-06 	 0.145 	 0
7.64e-06 	 0.146 	 0
7.64667e-06 	 0.147 	 0
7.65333e-06 	 0.148 	 0
7.66e-06 	 0.149 	 0
7.66667e-06 	 0.15 	 0
7.67333e-06 	 0.151 	 0
7.68e-06 	 0.152 	 0
7.68667e-06 	 0.153 	 0
7.69333e-06 	 0.154 	 0
7.7e-06 	 0.155 	 0
7.70667e-06 	 0.156 	 0
7.71333e-06 	 0.157 	 0
7.72e-06 	 0.158 	 0
7.72667e-06 	 0.159 	 0
7.73333e-06 	 0.16 	 0
7.74e-06 	 0.161 	 0
7.74667e-06 	 0.162 	 0
7.75333e-06 	 0.163 	 0
7.76e-06 	 0.164 	 0
7.76667e-06 	 0.165 	 0
7.77333e-06 	 0.166 	 0
7.78e-06 	 0.167 	 0
7.78667e-06 	 0.168 	 0
7.79333e-06 	 0.169 	 0
7.8e-06 	 0.17 	 0
7.80667e-06 	 0.171 	 0
7.81333e-06 	 0.172 	 0
7.82e-06 	 0.173 	 0
7.82667e-06 	 0.174 	 0
7.83333e-06 	 0.175 	 0
7.84e-06 	 0.176 	 0
7.84667e-06 	 0.177 	 0
7.85333e-06 	 0.178 	 0
7.86e-06 	 0.179 	 0
7.86667e-06 	 0.18 	 0
7.87333e-06 	 0.181 	 0
7.88e-06 	 0.182 	 0
7.88667e-06 	 0.183 	 0
7.89333e-06 	 0.184 	 0
7.9e-06 	 0.185 	 0
7.90667e-06 	 0.186 	 0
7.91333e-06 	 0.187 	 0
