# (t) 	 (c tau) 	 (p0) 	 (pzD) 	 (p0FF)
0 	 -0.8 	 0 	 0 	 0
6.66667e-09 	 -0.799 	 0 	 0 	 0
1.33333e-08 	 -0.798 	 0 	 0 	 0
2e-08 	 -0.797 	 0 	 0 	 0
2.66667e-08 	 -0.796 	 0 	 0 	 0
3.33333e-08 	 -0.795 	 0 	 0 	 0
4e-08 	 -0.794 	 0 	 0 	 0
4.66667e-08 	 -0.793 	 0 	 0 	 0
5.33333e-08 	 -0.792 	 0 	 0 	 0
6e-08 	 -0.791 	 0 	 0 	 0
6.66667e-08 	 -0.79 	 0 	 0 	 0
7.33333e-08 	 -0.789 	 0 	 0 	 0
8e-08 	 -0.788 	 0 	 0 	 0
8.66667e-08 	 -0.787 	 0 	 0 	 0
9.33333e-08 	 -0.786 	 0 	 0 	 0
1e-07 	 -0.785 	 0 	 0 	 0
1.06667e-07 	 -0.784 	 0 	 0 	 0
1.13333e-07 	 -0.783 	 0 	 0 	 0
1.2e-07 	 -0.782 	 0 	 0 	 0
1.26667e-07 	 -0.781 	 0 	 0 	 0
1.33333e-07 	 -0.78 	 0 	 0 	 0
1.4e-07 	 -0.779 	 0 	 0 	 0
1.46667e-07 	 -0.778 	 0 	 0 	 0
1.53333e-07 	 -0.777 	 0 	 0 	 0
1.6e-07 	 -0.776 	 0 	 0 	 0
1.66667e-07 	 -0.775 	 0 	 0 	 0
1.73333e-07 	 -0.774 	 0 	 0 	 0
1.8e-07 	 -0.773 	 0 	 0 	 0
1.86667e-07 	 -0.772 	 0 	 0 	 0
1.93333e-07 	 -0.771 	 0 	 0 	 0
2e-07 	 -0.77 	 0 	 0 	 0
2.06667e-07 	 -0.769 	 0 	 0 	 0
2.13333e-07 	 -0.768 	 0 	 0 	 0
2.2e-07 	 -0.767 	 0 	 0 	 0
2.26667e-07 	 -0.766 	 0 	 0 	 0
2.33333e-07 	 -0.765 	 0 	 0 	 0
2.4e-07 	 -0.764 	 0 	 0 	 0
2.46667e-07 	 -0.763 	 0 	 0 	 0
2.53333e-07 	 -0.762 	 0 	 0 	 0
2.6e-07 	 -0.761 	 0 	 0 	 0
2.66667e-07 	 -0.76 	 0 	 0 	 0
2.73333e-07 	 -0.759 	 0 	 0 	 0
2.8e-07 	 -0.758 	 0 	 0 	 0
2.86667e-07 	 -0.757 	 0 	 0 	 0
2.93333e-07 	 -0.756 	 0 	 0 	 0
3e-07 	 -0.755 	 0 	 0 	 0
3.06667e-07 	 -0.754 	 0 	 0 	 0
3.13333e-07 	 -0.753 	 0 	 0 	 0
3.2e-07 	 -0.752 	 0 	 0 	 0
3.26667e-07 	 -0.751 	 0 	 0 	 0
3.33333e-07 	 -0.75 	 0 	 0 	 0
3.4e-07 	 -0.749 	 0 	 0 	 0
3.46667e-07 	 -0.748 	 0 	 0 	 0
3.53333e-07 	 -0.747 	 0 	 0 	 0
3.6e-07 	 -0.746 	 0 	 0 	 0
3.66667e-07 	 -0.745 	 0 	 0 	 0
3.73333e-07 	 -0.744 	 0 	 0 	 0
3.8e-07 	 -0.743 	 0 	 0 	 0
3.86667e-07 	 -0.742 	 0 	 0 	 0
3.93333e-07 	 -0.741 	 0 	 0 	 0
4e-07 	 -0.74 	 0 	 0 	 0
4.06667e-07 	 -0.739 	 0 	 0 	 0
4.13333e-07 	 -0.738 	 0 	 0 	 0
4.2e-07 	 -0.737 	 0 	 0 	 0
4.26667e-07 	 -0.736 	 0 	 0 	 0
4.33333e-07 	 -0.735 	 0 	 0 	 0
4.4e-07 	 -0.734 	 0 	 0 	 0
4.46667e-07 	 -0.733 	 0 	 0 	 0
4.53333e-07 	 -0.732 	 0 	 0 	 0
4.6e-07 	 -0.731 	 0 	 0 	 0
4.66667e-07 	 -0.73 	 0 	 0 	 0
4.73333e-07 	 -0.729 	 0 	 0 	 0
4.8e-07 	 -0.728 	 0 	 0 	 0
4.86667e-07 	 -0.727 	 0 	 0 	 0
4.93333e-07 	 -0.726 	 0 	 0 	 0
5e-07 	 -0.725 	 0 	 0 	 0
5.06667e-07 	 -0.724 	 0 	 0 	 0
5.13333e-07 	 -0.723 	 0 	 0 	 0
5.2e-07 	 -0.722 	 0 	 0 	 0
5.26667e-07 	 -0.721 	 0 	 0 	 0
5.33333e-07 	 -0.72 	 0 	 0 	 0
5.4e-07 	 -0.719 	 0 	 0 	 0
5.46667e-07 	 -0.718 	 0 	 0 	 0
5.53333e-07 	 -0.717 	 0 	 0 	 0
5.6e-07 	 -0.716 	 0 	 0 	 0
5.66667e-07 	 -0.715 	 0 	 0 	 0
5.73333e-07 	 -0.714 	 0 	 0 	 0
5.8e-07 	 -0.713 	 0 	 0 	 0
5.86667e-07 	 -0.712 	 0 	 0 	 0
5.93333e-07 	 -0.711 	 0 	 0 	 0
6e-07 	 -0.71 	 0 	 0 	 0
6.06667e-07 	 -0.709 	 0 	 0 	 0
6.13333e-07 	 -0.708 	 0 	 0 	 0
6.2e-07 	 -0.707 	 0 	 0 	 0
6.26667e-07 	 -0.706 	 0 	 0 	 0
6.33333e-07 	 -0.705 	 0 	 0 	 0
6.4e-07 	 -0.704 	 0 	 0 	 0
6.46667e-07 	 -0.703 	 0 	 0 	 0
6.53333e-07 	 -0.702 	 0 	 0 	 0
6.6e-07 	 -0.701 	 0 	 0 	 0
6.66667e-07 	 -0.7 	 0 	 0 	 0
6.73333e-07 	 -0.699 	 0 	 0 	 0
6.8e-07 	 -0.698 	 0 	 0 	 0
6.86667e-07 	 -0.697 	 0 	 0 	 0
6.93333e-07 	 -0.696 	 0 	 0 	 0
7e-07 	 -0.695 	 0 	 0 	 0
7.06667e-07 	 -0.694 	 0 	 0 	 0
7.13333e-07 	 -0.693 	 0 	 0 	 0
7.2e-07 	 -0.692 	 0 	 0 	 0
7.26667e-07 	 -0.691 	 0 	 0 	 0
7.33333e-07 	 -0.69 	 0 	 0 	 0
7.4e-07 	 -0.689 	 0 	 0 	 0
7.46667e-07 	 -0.688 	 0 	 0 	 0
7.53333e-07 	 -0.687 	 0 	 0 	 0
7.6e-07 	 -0.686 	 0 	 0 	 0
7.66667e-07 	 -0.685 	 0 	 0 	 0
7.73333e-07 	 -0.684 	 0 	 0 	 0
7.8e-07 	 -0.683 	 0 	 0 	 0
7.86667e-07 	 -0.682 	 0 	 0 	 0
7.93333e-07 	 -0.681 	 0 	 0 	 0
8e-07 	 -0.68 	 0 	 0 	 0
8.06667e-07 	 -0.679 	 0 	 0 	 0
8.13333e-07 	 -0.678 	 0 	 0 	 0
8.2e-07 	 -0.677 	 0 	 0 	 0
8.26667e-07 	 -0.676 	 0 	 0 	 0
8.33333e-07 	 -0.675 	 0 	 0 	 0
8.4e-07 	 -0.674 	 0 	 0 	 0
8.46667e-07 	 -0.673 	 0 	 0 	 0
8.53333e-07 	 -0.672 	 0 	 0 	 0
8.6e-07 	 -0.671 	 0 	 0 	 0
8.66667e-07 	 -0.67 	 0 	 0 	 0
8.73333e-07 	 -0.669 	 0 	 0 	 0
8.8e-07 	 -0.668 	 0 	 0 	 0
8.86667e-07 	 -0.667 	 0 	 0 	 0
8.93333e-07 	 -0.666 	 0 	 0 	 0
9e-07 	 -0.665 	 0 	 0 	 0
9.06667e-07 	 -0.664 	 0 	 0 	 0
9.13333e-07 	 -0.663 	 0 	 0 	 0
9.2e-07 	 -0.662 	 0 	 0 	 0
9.26667e-07 	 -0.661 	 0 	 0 	 0
9.33333e-07 	 -0.66 	 0 	 0 	 0
9.4e-07 	 -0.659 	 0 	 0 	 0
9.46667e-07 	 -0.658 	 0 	 0 	 0
9.53333e-07 	 -0.657 	 0 	 0 	 0
9.6e-07 	 -0.656 	 0 	 0 	 0
9.66667e-07 	 -0.655 	 0 	 0 	 0
9.73333e-07 	 -0.654 	 0 	 0 	 0
9.8e-07 	 -0.653 	 0 	 0 	 0
9.86667e-07 	 -0.652 	 0 	 0 	 0
9.93333e-07 	 -0.651 	 0 	 0 	 0
1e-06 	 -0.65 	 0 	 0 	 0
1.00667e-06 	 -0.649 	 0 	 0 	 0
1.01333e-06 	 -0.648 	 0 	 0 	 0
1.02e-06 	 -0.647 	 0 	 0 	 0
1.02667e-06 	 -0.646 	 0 	 0 	 0
1.03333e-06 	 -0.645 	 0 	 0 	 0
1.04e-06 	 -0.644 	 0 	 0 	 0
1.04667e-06 	 -0.643 	 0 	 0 	 0
1.05333e-06 	 -0.642 	 0 	 0 	 0
1.06e-06 	 -0.641 	 0 	 0 	 0
1.06667e-06 	 -0.64 	 0 	 0 	 0
1.07333e-06 	 -0.639 	 0 	 0 	 0
1.08e-06 	 -0.638 	 0 	 0 	 0
1.08667e-06 	 -0.637 	 0 	 0 	 0
1.09333e-06 	 -0.636 	 0 	 0 	 0
1.1e-06 	 -0.635 	 0 	 0 	 0
1.10667e-06 	 -0.634 	 0 	 0 	 0
1.11333e-06 	 -0.633 	 0 	 0 	 0
1.12e-06 	 -0.632 	 0 	 0 	 0
1.12667e-06 	 -0.631 	 0 	 0 	 0
1.13333e-06 	 -0.63 	 0 	 0 	 0
1.14e-06 	 -0.629 	 0 	 0 	 0
1.14667e-06 	 -0.628 	 0 	 0 	 0
1.15333e-06 	 -0.627 	 0 	 0 	 0
1.16e-06 	 -0.626 	 0 	 0 	 0
1.16667e-06 	 -0.625 	 0 	 0 	 0
1.17333e-06 	 -0.624 	 0 	 0 	 0
1.18e-06 	 -0.623 	 0 	 0 	 0
1.18667e-06 	 -0.622 	 0 	 0 	 0
1.19333e-06 	 -0.621 	 0 	 0 	 0
1.2e-06 	 -0.62 	 0 	 0 	 0
1.20667e-06 	 -0.619 	 0 	 0 	 0
1.21333e-06 	 -0.618 	 0 	 0 	 0
1.22e-06 	 -0.617 	 0 	 0 	 0
1.22667e-06 	 -0.616 	 0 	 0 	 0
1.23333e-06 	 -0.615 	 0 	 0 	 0
1.24e-06 	 -0.614 	 0 	 0 	 0
1.24667e-06 	 -0.613 	 0 	 0 	 0
1.25333e-06 	 -0.612 	 0 	 0 	 0
1.26e-06 	 -0.611 	 0 	 0 	 0
1.26667e-06 	 -0.61 	 0 	 0 	 0
1.27333e-06 	 -0.609 	 0 	 0 	 0
1.28e-06 	 -0.608 	 0 	 0 	 0
1.28667e-06 	 -0.607 	 0 	 0 	 0
1.29333e-06 	 -0.606 	 0 	 0 	 0
1.3e-06 	 -0.605 	 0 	 0 	 0
1.30667e-06 	 -0.604 	 0 	 0 	 0
1.31333e-06 	 -0.603 	 0 	 0 	 0
1.32e-06 	 -0.602 	 0 	 0 	 0
1.32667e-06 	 -0.601 	 0 	 0 	 0
1.33333e-06 	 -0.6 	 0 	 0 	 0
1.34e-06 	 -0.599 	 0 	 0 	 0
1.34667e-06 	 -0.598 	 0 	 0 	 0
1.35333e-06 	 -0.597 	 0 	 0 	 0
1.36e-06 	 -0.596 	 0 	 0 	 0
1.36667e-06 	 -0.595 	 0 	 0 	 0
1.37333e-06 	 -0.594 	 0 	 0 	 0
1.38e-06 	 -0.593 	 0 	 0 	 0
1.38667e-06 	 -0.592 	 0 	 0 	 0
1.39333e-06 	 -0.591 	 0 	 0 	 0
1.4e-06 	 -0.59 	 0 	 0 	 0
1.40667e-06 	 -0.589 	 0 	 0 	 0
1.41333e-06 	 -0.588 	 0 	 0 	 0
1.42e-06 	 -0.587 	 0 	 0 	 0
1.42667e-06 	 -0.586 	 0 	 0 	 0
1.43333e-06 	 -0.585 	 0 	 0 	 0
1.44e-06 	 -0.584 	 0 	 0 	 0
1.44667e-06 	 -0.583 	 0 	 0 	 0
1.45333e-06 	 -0.582 	 0 	 0 	 0
1.46e-06 	 -0.581 	 0 	 0 	 0
1.46667e-06 	 -0.58 	 0 	 0 	 0
1.47333e-06 	 -0.579 	 0 	 0 	 0
1.48e-06 	 -0.578 	 0 	 0 	 0
1.48667e-06 	 -0.577 	 0 	 0 	 0
1.49333e-06 	 -0.576 	 0 	 0 	 0
1.5e-06 	 -0.575 	 0 	 0 	 0
1.50667e-06 	 -0.574 	 0 	 0 	 0
1.51333e-06 	 -0.573 	 0 	 0 	 0
1.52e-06 	 -0.572 	 0 	 0 	 0
1.52667e-06 	 -0.571 	 0 	 0 	 0
1.53333e-06 	 -0.57 	 0 	 0 	 0
1.54e-06 	 -0.569 	 0 	 0 	 0
1.54667e-06 	 -0.568 	 0 	 0 	 0
1.55333e-06 	 -0.567 	 0 	 0 	 0
1.56e-06 	 -0.566 	 0 	 0 	 0
1.56667e-06 	 -0.565 	 0 	 0 	 0
1.57333e-06 	 -0.564 	 0 	 0 	 0
1.58e-06 	 -0.563 	 0 	 0 	 0
1.58667e-06 	 -0.562 	 0 	 0 	 0
1.59333e-06 	 -0.561 	 0 	 0 	 0
1.6e-06 	 -0.56 	 0 	 0 	 0
1.60667e-06 	 -0.559 	 0 	 0 	 0
1.61333e-06 	 -0.558 	 0 	 0 	 0
1.62e-06 	 -0.557 	 0 	 0 	 0
1.62667e-06 	 -0.556 	 0 	 0 	 0
1.63333e-06 	 -0.555 	 0 	 0 	 0
1.64e-06 	 -0.554 	 0 	 0 	 0
1.64667e-06 	 -0.553 	 0 	 0 	 0
1.65333e-06 	 -0.552 	 0 	 0 	 0
1.66e-06 	 -0.551 	 0 	 0 	 0
1.66667e-06 	 -0.55 	 0 	 0 	 0
1.67333e-06 	 -0.549 	 0 	 0 	 0
1.68e-06 	 -0.548 	 0 	 0 	 0
1.68667e-06 	 -0.547 	 0 	 0 	 0
1.69333e-06 	 -0.546 	 0 	 0 	 0
1.7e-06 	 -0.545 	 0 	 0 	 0
1.70667e-06 	 -0.544 	 0 	 0 	 0
1.71333e-06 	 -0.543 	 0 	 0 	 0
1.72e-06 	 -0.542 	 0 	 0 	 0
1.72667e-06 	 -0.541 	 0 	 0 	 0
1.73333e-06 	 -0.54 	 0 	 0 	 0
1.74e-06 	 -0.539 	 0 	 0 	 0
1.74667e-06 	 -0.538 	 0 	 0 	 0
1.75333e-06 	 -0.537 	 0 	 0 	 0
1.76e-06 	 -0.536 	 0 	 0 	 0
1.76667e-06 	 -0.535 	 0 	 0 	 0
1.77333e-06 	 -0.534 	 0 	 0 	 0
1.78e-06 	 -0.533 	 0 	 0 	 0
1.78667e-06 	 -0.532 	 0 	 0 	 0
1.79333e-06 	 -0.531 	 0 	 0 	 0
1.8e-06 	 -0.53 	 0 	 0 	 0
1.80667e-06 	 -0.529 	 0 	 0 	 0
1.81333e-06 	 -0.528 	 0 	 0 	 0
1.82e-06 	 -0.527 	 0 	 0 	 0
1.82667e-06 	 -0.526 	 0 	 0 	 0
1.83333e-06 	 -0.525 	 0 	 0 	 0
1.84e-06 	 -0.524 	 0 	 0 	 0
1.84667e-06 	 -0.523 	 0 	 0 	 0
1.85333e-06 	 -0.522 	 0 	 0 	 0
1.86e-06 	 -0.521 	 0 	 0 	 0
1.86667e-06 	 -0.52 	 0 	 0 	 0
1.87333e-06 	 -0.519 	 0 	 0 	 0
1.88e-06 	 -0.518 	 0 	 0 	 0
1.88667e-06 	 -0.517 	 0 	 0 	 0
1.89333e-06 	 -0.516 	 0 	 0 	 0
1.9e-06 	 -0.515 	 0 	 0 	 0
1.90667e-06 	 -0.514 	 0 	 0 	 0
1.91333e-06 	 -0.513 	 0 	 0 	 0
1.92e-06 	 -0.512 	 0 	 0 	 0
1.92667e-06 	 -0.511 	 0 	 0 	 0
1.93333e-06 	 -0.51 	 0 	 0 	 0
1.94e-06 	 -0.509 	 0 	 0 	 0
1.94667e-06 	 -0.508 	 0 	 0 	 0
1.95333e-06 	 -0.507 	 0 	 0 	 0
1.96e-06 	 -0.506 	 0 	 0 	 0
1.96667e-06 	 -0.505 	 0 	 0 	 0
1.97333e-06 	 -0.504 	 0 	 0 	 0
1.98e-06 	 -0.503 	 0 	 0 	 0
1.98667e-06 	 -0.502 	 0 	 0 	 0
1.99333e-06 	 -0.501 	 0 	 0 	 0
2e-06 	 -0.5 	 0 	 0 	 0
2.00667e-06 	 -0.499 	 0 	 0 	 0
2.01333e-06 	 -0.498 	 0 	 0 	 0
2.02e-06 	 -0.497 	 0 	 0 	 0
2.02667e-06 	 -0.496 	 0 	 0 	 0
2.03333e-06 	 -0.495 	 0 	 0 	 0
2.04e-06 	 -0.494 	 0 	 0 	 0
2.04667e-06 	 -0.493 	 0 	 0 	 0
2.05333e-06 	 -0.492 	 0 	 0 	 0
2.06e-06 	 -0.491 	 0 	 0 	 0
2.06667e-06 	 -0.49 	 0 	 0 	 0
2.07333e-06 	 -0.489 	 0 	 0 	 0
2.08e-06 	 -0.488 	 0 	 0 	 0
2.08667e-06 	 -0.487 	 0 	 0 	 0
2.09333e-06 	 -0.486 	 0 	 0 	 0
2.1e-06 	 -0.485 	 0 	 0 	 0
2.10667e-06 	 -0.484 	 0 	 0 	 0
2.11333e-06 	 -0.483 	 0 	 0 	 0
2.12e-06 	 -0.482 	 0 	 0 	 0
2.12667e-06 	 -0.481 	 0 	 0 	 0
2.13333e-06 	 -0.48 	 0 	 0 	 0
2.14e-06 	 -0.479 	 0 	 0 	 0
2.14667e-06 	 -0.478 	 0 	 0 	 0
2.15333e-06 	 -0.477 	 0 	 0 	 0
2.16e-06 	 -0.476 	 0 	 0 	 0
2.16667e-06 	 -0.475 	 0 	 0 	 0
2.17333e-06 	 -0.474 	 0 	 0 	 0
2.18e-06 	 -0.473 	 0 	 0 	 0
2.18667e-06 	 -0.472 	 0 	 0 	 0
2.19333e-06 	 -0.471 	 0 	 0 	 0
2.2e-06 	 -0.47 	 0 	 0 	 0
2.20667e-06 	 -0.469 	 0 	 0 	 0
2.21333e-06 	 -0.468 	 0 	 0 	 0
2.22e-06 	 -0.467 	 0 	 0 	 0
2.22667e-06 	 -0.466 	 0 	 0 	 0
2.23333e-06 	 -0.465 	 0 	 0 	 0
2.24e-06 	 -0.464 	 0 	 0 	 0
2.24667e-06 	 -0.463 	 0 	 0 	 0
2.25333e-06 	 -0.462 	 0 	 0 	 0
2.26e-06 	 -0.461 	 0 	 0 	 0
2.26667e-06 	 -0.46 	 0 	 0 	 0
2.27333e-06 	 -0.459 	 0 	 0 	 0
2.28e-06 	 -0.458 	 0 	 0 	 0
2.28667e-06 	 -0.457 	 0 	 0 	 0
2.29333e-06 	 -0.456 	 0 	 0 	 0
2.3e-06 	 -0.455 	 0 	 0 	 0
2.30667e-06 	 -0.454 	 0 	 0 	 0
2.31333e-06 	 -0.453 	 0 	 0 	 0
2.32e-06 	 -0.452 	 0 	 0 	 0
2.32667e-06 	 -0.451 	 0 	 0 	 0
2.33333e-06 	 -0.45 	 0 	 0 	 0
2.34e-06 	 -0.449 	 0 	 0 	 0
2.34667e-06 	 -0.448 	 0 	 0 	 0
2.35333e-06 	 -0.447 	 0 	 0 	 0
2.36e-06 	 -0.446 	 0 	 0 	 0
2.36667e-06 	 -0.445 	 0 	 0 	 0
2.37333e-06 	 -0.444 	 0 	 0 	 0
2.38e-06 	 -0.443 	 0 	 0 	 0
2.38667e-06 	 -0.442 	 0 	 0 	 0
2.39333e-06 	 -0.441 	 0 	 0 	 0
2.4e-06 	 -0.44 	 0 	 0 	 0
2.40667e-06 	 -0.439 	 0 	 0 	 0
2.41333e-06 	 -0.438 	 0 	 0 	 0
2.42e-06 	 -0.437 	 0 	 0 	 0
2.42667e-06 	 -0.436 	 0 	 0 	 0
2.43333e-06 	 -0.435 	 0 	 0 	 0
2.44e-06 	 -0.434 	 0 	 0 	 0
2.44667e-06 	 -0.433 	 0 	 0 	 0
2.45333e-06 	 -0.432 	 0 	 0 	 0
2.46e-06 	 -0.431 	 0 	 0 	 0
2.46667e-06 	 -0.43 	 0 	 0 	 0
2.47333e-06 	 -0.429 	 0 	 0 	 0
2.48e-06 	 -0.428 	 0 	 0 	 0
2.48667e-06 	 -0.427 	 0 	 0 	 0
2.49333e-06 	 -0.426 	 0 	 0 	 0
2.5e-06 	 -0.425 	 0 	 0 	 0
2.50667e-06 	 -0.424 	 0 	 0 	 0
2.51333e-06 	 -0.423 	 0 	 0 	 0
2.52e-06 	 -0.422 	 0 	 0 	 0
2.52667e-06 	 -0.421 	 0 	 0 	 0
2.53333e-06 	 -0.42 	 0 	 0 	 0
2.54e-06 	 -0.419 	 0 	 0 	 0
2.54667e-06 	 -0.418 	 0 	 0 	 0
2.55333e-06 	 -0.417 	 0 	 0 	 0
2.56e-06 	 -0.416 	 0 	 0 	 0
2.56667e-06 	 -0.415 	 0 	 0 	 0
2.57333e-06 	 -0.414 	 0 	 0 	 0
2.58e-06 	 -0.413 	 0 	 0 	 0
2.58667e-06 	 -0.412 	 0 	 0 	 0
2.59333e-06 	 -0.411 	 0 	 0 	 0
2.6e-06 	 -0.41 	 0 	 0 	 0
2.60667e-06 	 -0.409 	 0 	 0 	 0
2.61333e-06 	 -0.408 	 0 	 0 	 0
2.62e-06 	 -0.407 	 0 	 0 	 0
2.62667e-06 	 -0.406 	 0 	 0 	 0
2.63333e-06 	 -0.405 	 0 	 0 	 0
2.64e-06 	 -0.404 	 0 	 0 	 0
2.64667e-06 	 -0.403 	 0 	 0 	 0
2.65333e-06 	 -0.402 	 0 	 0 	 0
2.66e-06 	 -0.401 	 0 	 0 	 0
2.66667e-06 	 -0.4 	 0 	 0 	 0
2.67333e-06 	 -0.399 	 0 	 0 	 0
2.68e-06 	 -0.398 	 0 	 0 	 0
2.68667e-06 	 -0.397 	 0 	 0 	 0
2.69333e-06 	 -0.396 	 0 	 0 	 0
2.7e-06 	 -0.395 	 0 	 0 	 0
2.70667e-06 	 -0.394 	 0 	 0 	 0
2.71333e-06 	 -0.393 	 0 	 0 	 0
2.72e-06 	 -0.392 	 0 	 0 	 0
2.72667e-06 	 -0.391 	 0 	 0 	 0
2.73333e-06 	 -0.39 	 0 	 0 	 0
2.74e-06 	 -0.389 	 0 	 0 	 0
2.74667e-06 	 -0.388 	 0 	 0 	 0
2.75333e-06 	 -0.387 	 0 	 0 	 0
2.76e-06 	 -0.386 	 0 	 0 	 0
2.76667e-06 	 -0.385 	 0 	 0 	 0
2.77333e-06 	 -0.384 	 0 	 0 	 0
2.78e-06 	 -0.383 	 0 	 0 	 0
2.78667e-06 	 -0.382 	 0 	 0 	 0
2.79333e-06 	 -0.381 	 0 	 0 	 0
2.8e-06 	 -0.38 	 0 	 0 	 0
2.80667e-06 	 -0.379 	 0 	 0 	 0
2.81333e-06 	 -0.378 	 0 	 0 	 0
2.82e-06 	 -0.377 	 0 	 0 	 0
2.82667e-06 	 -0.376 	 0 	 0 	 0
2.83333e-06 	 -0.375 	 0 	 0 	 0
2.84e-06 	 -0.374 	 0 	 0 	 0
2.84667e-06 	 -0.373 	 0 	 0 	 0
2.85333e-06 	 -0.372 	 0 	 0 	 0
2.86e-06 	 -0.371 	 0 	 0 	 0
2.86667e-06 	 -0.37 	 0 	 0 	 0
2.87333e-06 	 -0.369 	 0 	 0 	 0
2.88e-06 	 -0.368 	 0 	 0 	 0
2.88667e-06 	 -0.367 	 0 	 0 	 0
2.89333e-06 	 -0.366 	 0 	 0 	 0
2.9e-06 	 -0.365 	 0 	 0 	 0
2.90667e-06 	 -0.364 	 0 	 0 	 0
2.91333e-06 	 -0.363 	 0 	 0 	 0
2.92e-06 	 -0.362 	 0 	 0 	 0
2.92667e-06 	 -0.361 	 0 	 0 	 0
2.93333e-06 	 -0.36 	 0 	 0 	 0
2.94e-06 	 -0.359 	 0 	 0 	 0
2.94667e-06 	 -0.358 	 0 	 0 	 0
2.95333e-06 	 -0.357 	 0 	 0 	 0
2.96e-06 	 -0.356 	 0 	 0 	 0
2.96667e-06 	 -0.355 	 0 	 0 	 0
2.97333e-06 	 -0.354 	 0 	 0 	 0
2.98e-06 	 -0.353 	 0 	 0 	 0
2.98667e-06 	 -0.352 	 0 	 0 	 0
2.99333e-06 	 -0.351 	 0 	 0 	 0
3e-06 	 -0.35 	 0 	 0 	 0
3.00667e-06 	 -0.349 	 0 	 0 	 0
3.01333e-06 	 -0.348 	 0 	 0 	 0
3.02e-06 	 -0.347 	 0 	 0 	 0
3.02667e-06 	 -0.346 	 0 	 0 	 0
3.03333e-06 	 -0.345 	 0 	 0 	 0
3.04e-06 	 -0.344 	 0 	 0 	 0
3.04667e-06 	 -0.343 	 0 	 0 	 0
3.05333e-06 	 -0.342 	 0 	 0 	 0
3.06e-06 	 -0.341 	 0 	 0 	 0
3.06667e-06 	 -0.34 	 0 	 0 	 0
3.07333e-06 	 -0.339 	 0 	 0 	 0
3.08e-06 	 -0.338 	 0 	 0 	 0
3.08667e-06 	 -0.337 	 0 	 0 	 0
3.09333e-06 	 -0.336 	 0 	 0 	 0
3.1e-06 	 -0.335 	 0 	 0 	 0
3.10667e-06 	 -0.334 	 0 	 0 	 0
3.11333e-06 	 -0.333 	 0 	 0 	 0
3.12e-06 	 -0.332 	 0 	 0 	 0
3.12667e-06 	 -0.331 	 0 	 0 	 0
3.13333e-06 	 -0.33 	 0 	 0 	 0
3.14e-06 	 -0.329 	 0 	 0 	 0
3.14667e-06 	 -0.328 	 0 	 0 	 0
3.15333e-06 	 -0.327 	 0 	 0 	 0
3.16e-06 	 -0.326 	 0 	 0 	 0
3.16667e-06 	 -0.325 	 0 	 0 	 0
3.17333e-06 	 -0.324 	 0 	 0 	 0
3.18e-06 	 -0.323 	 0 	 0 	 0
3.18667e-06 	 -0.322 	 0 	 0 	 0
3.19333e-06 	 -0.321 	 0 	 0 	 0
3.2e-06 	 -0.32 	 0 	 0 	 0
3.20667e-06 	 -0.319 	 0 	 0 	 0
3.21333e-06 	 -0.318 	 0 	 0 	 0
3.22e-06 	 -0.317 	 0 	 0 	 0
3.22667e-06 	 -0.316 	 0 	 0 	 0
3.23333e-06 	 -0.315 	 0 	 0 	 0
3.24e-06 	 -0.314 	 0 	 0 	 0
3.24667e-06 	 -0.313 	 0 	 0 	 0
3.25333e-06 	 -0.312 	 0 	 0 	 0
3.26e-06 	 -0.311 	 0 	 0 	 0
3.26667e-06 	 -0.31 	 0 	 0 	 0
3.27333e-06 	 -0.309 	 0 	 0 	 0
3.28e-06 	 -0.308 	 0 	 0 	 0
3.28667e-06 	 -0.307 	 0 	 0 	 0
3.29333e-06 	 -0.306 	 0 	 0 	 0
3.3e-06 	 -0.305 	 0 	 0 	 0
3.30667e-06 	 -0.304 	 0 	 0 	 0
3.31333e-06 	 -0.303 	 0 	 0 	 0
3.32e-06 	 -0.302 	 0 	 0 	 0
3.32667e-06 	 -0.301 	 0 	 0 	 0
3.33333e-06 	 -0.3 	 0 	 0 	 0
3.34e-06 	 -0.299 	 0 	 0 	 0
3.34667e-06 	 -0.298 	 0 	 0 	 0
3.35333e-06 	 -0.297 	 0 	 0 	 0
3.36e-06 	 -0.296 	 0 	 0 	 0
3.36667e-06 	 -0.295 	 0 	 0 	 0
3.37333e-06 	 -0.294 	 0 	 0 	 0
3.38e-06 	 -0.293 	 0 	 0 	 0
3.38667e-06 	 -0.292 	 0 	 0 	 0
3.39333e-06 	 -0.291 	 0 	 0 	 0
3.4e-06 	 -0.29 	 0 	 0 	 0
3.40667e-06 	 -0.289 	 0 	 0 	 0
3.41333e-06 	 -0.288 	 0 	 0 	 0
3.42e-06 	 -0.287 	 0 	 0 	 0
3.42667e-06 	 -0.286 	 0 	 0 	 0
3.43333e-06 	 -0.285 	 0 	 0 	 0
3.44e-06 	 -0.284 	 0 	 0 	 0
3.44667e-06 	 -0.283 	 0 	 0 	 0
3.45333e-06 	 -0.282 	 0 	 0 	 0
3.46e-06 	 -0.281 	 0 	 0 	 0
3.46667e-06 	 -0.28 	 0 	 0 	 0
3.47333e-06 	 -0.279 	 0 	 0 	 0
3.48e-06 	 -0.278 	 0 	 0 	 0
3.48667e-06 	 -0.277 	 0 	 0 	 0
3.49333e-06 	 -0.276 	 0 	 0 	 0
3.5e-06 	 -0.275 	 0 	 0 	 0
3.50667e-06 	 -0.274 	 0 	 0 	 0
3.51333e-06 	 -0.273 	 0 	 0 	 0
3.52e-06 	 -0.272 	 0 	 0 	 0
3.52667e-06 	 -0.271 	 0 	 0 	 0
3.53333e-06 	 -0.27 	 0 	 0 	 0
3.54e-06 	 -0.269 	 0 	 0 	 0
3.54667e-06 	 -0.268 	 0 	 0 	 0
3.55333e-06 	 -0.267 	 0 	 0 	 0
3.56e-06 	 -0.266 	 0 	 0 	 0
3.56667e-06 	 -0.265 	 0 	 0 	 0
3.57333e-06 	 -0.264 	 0 	 0 	 0
3.58e-06 	 -0.263 	 0 	 0 	 0
3.58667e-06 	 -0.262 	 0 	 0 	 0
3.59333e-06 	 -0.261 	 0 	 0 	 0
3.6e-06 	 -0.26 	 0 	 0 	 0
3.60667e-06 	 -0.259 	 0 	 0 	 0
3.61333e-06 	 -0.258 	 0 	 0 	 0
3.62e-06 	 -0.257 	 0 	 0 	 0
3.62667e-06 	 -0.256 	 0 	 0 	 0
3.63333e-06 	 -0.255 	 0 	 0 	 0
3.64e-06 	 -0.254 	 0 	 0 	 0
3.64667e-06 	 -0.253 	 0 	 0 	 0
3.65333e-06 	 -0.252 	 0 	 0 	 0
3.66e-06 	 -0.251 	 0 	 0 	 0
3.66667e-06 	 -0.25 	 0 	 0 	 0
3.67333e-06 	 -0.249 	 0 	 0 	 0
3.68e-06 	 -0.248 	 0 	 0 	 0
3.68667e-06 	 -0.247 	 0 	 0 	 0
3.69333e-06 	 -0.246 	 0 	 0 	 0
3.7e-06 	 -0.245 	 0 	 0 	 0
3.70667e-06 	 -0.244 	 0 	 0 	 0
3.71333e-06 	 -0.243 	 0 	 0 	 0
3.72e-06 	 -0.242 	 0 	 0 	 0
3.72667e-06 	 -0.241 	 0 	 0 	 0
3.73333e-06 	 -0.24 	 0 	 0 	 0
3.74e-06 	 -0.239 	 0 	 0 	 0
3.74667e-06 	 -0.238 	 0 	 0 	 0
3.75333e-06 	 -0.237 	 0 	 0 	 0
3.76e-06 	 -0.236 	 0 	 0 	 0
3.76667e-06 	 -0.235 	 0 	 0 	 0
3.77333e-06 	 -0.234 	 0 	 0 	 0
3.78e-06 	 -0.233 	 0 	 0 	 0
3.78667e-06 	 -0.232 	 0 	 0 	 0
3.79333e-06 	 -0.231 	 0 	 0 	 0
3.8e-06 	 -0.23 	 0 	 0 	 0
3.80667e-06 	 -0.229 	 0 	 0 	 0
3.81333e-06 	 -0.228 	 0 	 0 	 0
3.82e-06 	 -0.227 	 0 	 0 	 0
3.82667e-06 	 -0.226 	 0 	 0 	 0
3.83333e-06 	 -0.225 	 0 	 0 	 0
3.84e-06 	 -0.224 	 0 	 0 	 0
3.84667e-06 	 -0.223 	 0 	 0 	 0
3.85333e-06 	 -0.222 	 0 	 0 	 0
3.86e-06 	 -0.221 	 0 	 0 	 0
3.86667e-06 	 -0.22 	 0 	 0 	 0
3.87333e-06 	 -0.219 	 0 	 0 	 0
3.88e-06 	 -0.218 	 0 	 0 	 0
3.88667e-06 	 -0.217 	 0 	 0 	 0
3.89333e-06 	 -0.216 	 0 	 0 	 0
3.9e-06 	 -0.215 	 0 	 0 	 0
3.90667e-06 	 -0.214 	 0 	 0 	 0
3.91333e-06 	 -0.213 	 0 	 0 	 0
3.92e-06 	 -0.212 	 0 	 0 	 0
3.92667e-06 	 -0.211 	 0 	 0 	 0
3.93333e-06 	 -0.21 	 0 	 0 	 0
3.94e-06 	 -0.209 	 0 	 0 	 0
3.94667e-06 	 -0.208 	 0 	 0 	 0
3.95333e-06 	 -0.207 	 0 	 0 	 0
3.96e-06 	 -0.206 	 0 	 0 	 0
3.96667e-06 	 -0.205 	 0 	 0 	 0
3.97333e-06 	 -0.204 	 0 	 0 	 0
3.98e-06 	 -0.203 	 0 	 0 	 0
3.98667e-06 	 -0.202 	 0 	 0 	 0
3.99333e-06 	 -0.201 	 0 	 0 	 0
4e-06 	 -0.2 	 0 	 0 	 0
4.00667e-06 	 -0.199 	 0 	 0 	 0
4.01333e-06 	 -0.198 	 0 	 0 	 0
4.02e-06 	 -0.197 	 0 	 0 	 0
4.02667e-06 	 -0.196 	 0 	 0 	 0
4.03333e-06 	 -0.195 	 0 	 0 	 0
4.04e-06 	 -0.194 	 0 	 0 	 0
4.04667e-06 	 -0.193 	 0 	 0 	 0
4.05333e-06 	 -0.192 	 0 	 0 	 0
4.06e-06 	 -0.191 	 0 	 0 	 0
4.06667e-06 	 -0.19 	 0 	 0 	 0
4.07333e-06 	 -0.189 	 0 	 0 	 0
4.08e-06 	 -0.188 	 0 	 0 	 0
4.08667e-06 	 -0.187 	 0 	 0 	 0
4.09333e-06 	 -0.186 	 0 	 0 	 0
4.1e-06 	 -0.185 	 0 	 0 	 0
4.10667e-06 	 -0.184 	 0 	 0 	 0
4.11333e-06 	 -0.183 	 0 	 0 	 0
4.12e-06 	 -0.182 	 0 	 0 	 0
4.12667e-06 	 -0.181 	 0 	 0 	 0
4.13333e-06 	 -0.18 	 0 	 0 	 0
4.14e-06 	 -0.179 	 0 	 0 	 0
4.14667e-06 	 -0.178 	 0 	 0 	 0
4.15333e-06 	 -0.177 	 0 	 0 	 0
4.16e-06 	 -0.176 	 0 	 0 	 0
4.16667e-06 	 -0.175 	 0 	 0 	 0
4.17333e-06 	 -0.174 	 0 	 0 	 0
4.18e-06 	 -0.173 	 0 	 0 	 0
4.18667e-06 	 -0.172 	 0 	 0 	 0
4.19333e-06 	 -0.171 	 0 	 0 	 0
4.2e-06 	 -0.17 	 0 	 0 	 0
4.20667e-06 	 -0.169 	 0 	 0 	 0
4.21333e-06 	 -0.168 	 0 	 0 	 0
4.22e-06 	 -0.167 	 0 	 0 	 0
4.22667e-06 	 -0.166 	 0 	 0 	 0
4.23333e-06 	 -0.165 	 0 	 0 	 0
4.24e-06 	 -0.164 	 0 	 0 	 0
4.24667e-06 	 -0.163 	 0 	 0 	 0
4.25333e-06 	 -0.162 	 0 	 0 	 0
4.26e-06 	 -0.161 	 0 	 0 	 0
4.26667e-06 	 -0.16 	 0 	 0 	 0
4.27333e-06 	 -0.159 	 0 	 0 	 0
4.28e-06 	 -0.158 	 0 	 0 	 0
4.28667e-06 	 -0.157 	 0 	 0 	 0
4.29333e-06 	 -0.156 	 0 	 0 	 0
4.3e-06 	 -0.155 	 0 	 0 	 0
4.30667e-06 	 -0.154 	 0 	 0 	 0
4.31333e-06 	 -0.153 	 0 	 0 	 0
4.32e-06 	 -0.152 	 0 	 0 	 0
4.32667e-06 	 -0.151 	 0 	 0 	 0
4.33333e-06 	 -0.15 	 0 	 0 	 0
4.34e-06 	 -0.149 	 0 	 0 	 0
4.34667e-06 	 -0.148 	 0 	 0 	 0
4.35333e-06 	 -0.147 	 0 	 0 	 0
4.36e-06 	 -0.146 	 0 	 0 	 0
4.36667e-06 	 -0.145 	 0 	 0 	 0
4.37333e-06 	 -0.144 	 0 	 0 	 0
4.38e-06 	 -0.143 	 0 	 0 	 0
4.38667e-06 	 -0.142 	 0 	 0 	 0
4.39333e-06 	 -0.141 	 0 	 0 	 0
4.4e-06 	 -0.14 	 0 	 0 	 0
4.40667e-06 	 -0.139 	 0 	 0 	 0
4.41333e-06 	 -0.138 	 0 	 0 	 0
4.42e-06 	 -0.137 	 0 	 0 	 0
4.42667e-06 	 -0.136 	 0 	 0 	 0
4.43333e-06 	 -0.135 	 0 	 0 	 0
4.44e-06 	 -0.134 	 0 	 0 	 0
4.44667e-06 	 -0.133 	 0 	 0 	 0
4.45333e-06 	 -0.132 	 0 	 0 	 0
4.46e-06 	 -0.131 	 0 	 0 	 0
4.46667e-06 	 -0.13 	 0 	 0 	 0
4.47333e-06 	 -0.129 	 0 	 0 	 0
4.48e-06 	 -0.128 	 0 	 0 	 0
4.48667e-06 	 -0.127 	 0 	 0 	 0
4.49333e-06 	 -0.126 	 0 	 0 	 0
4.5e-06 	 -0.125 	 0 	 0 	 0
4.50667e-06 	 -0.124 	 0 	 0 	 0
4.51333e-06 	 -0.123 	 0 	 0 	 0
4.52e-06 	 -0.122 	 0 	 0 	 0
4.52667e-06 	 -0.121 	 0 	 0 	 0
4.53333e-06 	 -0.12 	 0 	 0 	 0
4.54e-06 	 -0.119 	 0 	 0 	 0
4.54667e-06 	 -0.118 	 0 	 0 	 0
4.55333e-06 	 -0.117 	 0 	 0 	 0
4.56e-06 	 -0.116 	 0 	 0 	 0
4.56667e-06 	 -0.115 	 0 	 0 	 0
4.57333e-06 	 -0.114 	 0 	 0 	 0
4.58e-06 	 -0.113 	 0 	 0 	 0
4.58667e-06 	 -0.112 	 0 	 0 	 0
4.59333e-06 	 -0.111 	 0 	 0 	 0
4.6e-06 	 -0.11 	 0 	 0 	 0
4.60667e-06 	 -0.109 	 0 	 0 	 0
4.61333e-06 	 -0.108 	 0 	 0 	 0
4.62e-06 	 -0.107 	 0 	 0 	 0
4.62667e-06 	 -0.106 	 0 	 0 	 0
4.63333e-06 	 -0.105 	 0 	 0 	 0
4.64e-06 	 -0.104 	 0 	 0 	 0
4.64667e-06 	 -0.103 	 0 	 0 	 0
4.65333e-06 	 -0.102 	 0 	 0 	 0
4.66e-06 	 -0.101 	 0 	 0 	 0
4.66667e-06 	 -0.1 	 0 	 0 	 0
4.67333e-06 	 -0.099 	 0 	 0 	 0
4.68e-06 	 -0.098 	 0 	 0 	 0
4.68667e-06 	 -0.097 	 0 	 0 	 0
4.69333e-06 	 -0.096 	 0 	 0 	 0
4.7e-06 	 -0.095 	 0 	 0 	 0
4.70667e-06 	 -0.094 	 0 	 0 	 0
4.71333e-06 	 -0.093 	 0 	 0 	 0
4.72e-06 	 -0.092 	 0 	 0 	 0
4.72667e-06 	 -0.091 	 0 	 0 	 0
4.73333e-06 	 -0.09 	 0 	 0 	 0
4.74e-06 	 -0.089 	 0 	 0 	 0
4.74667e-06 	 -0.088 	 0 	 0 	 0
4.75333e-06 	 -0.087 	 0 	 0 	 0
4.76e-06 	 -0.086 	 0 	 0 	 0
4.76667e-06 	 -0.085 	 0 	 0 	 0
4.77333e-06 	 -0.084 	 0 	 0 	 0
4.78e-06 	 -0.083 	 0 	 0 	 0
4.78667e-06 	 -0.082 	 0 	 0 	 0
4.79333e-06 	 -0.081 	 0 	 0 	 0
4.8e-06 	 -0.08 	 0 	 0 	 0
4.80667e-06 	 -0.079 	 0 	 0 	 0
4.81333e-06 	 -0.078 	 0 	 0 	 0
4.82e-06 	 -0.077 	 0 	 0 	 0
4.82667e-06 	 -0.076 	 0 	 0 	 0
4.83333e-06 	 -0.075 	 0 	 0 	 0
4.84e-06 	 -0.074 	 0 	 0 	 0
4.84667e-06 	 -0.073 	 0 	 0 	 0
4.85333e-06 	 -0.072 	 0 	 0 	 0
4.86e-06 	 -0.071 	 0 	 0 	 0
4.86667e-06 	 -0.07 	 0 	 0 	 0
4.87333e-06 	 -0.069 	 0 	 0 	 0
4.88e-06 	 -0.068 	 0 	 0 	 0
4.88667e-06 	 -0.067 	 0 	 0 	 0
4.89333e-06 	 -0.066 	 0 	 0 	 0
4.9e-06 	 -0.065 	 0 	 0 	 0
4.90667e-06 	 -0.064 	 0 	 0 	 0
4.91333e-06 	 -0.063 	 0 	 0 	 0
4.92e-06 	 -0.062 	 0 	 0 	 0
4.92667e-06 	 -0.061 	 0 	 0 	 0
4.93333e-06 	 -0.06 	 0 	 0 	 0
4.94e-06 	 -0.059 	 0 	 0 	 0
4.94667e-06 	 -0.058 	 0 	 0 	 0
4.95333e-06 	 -0.057 	 0 	 0 	 0
4.96e-06 	 -0.056 	 0 	 0 	 0
4.96667e-06 	 -0.055 	 0 	 0 	 0
4.97333e-06 	 -0.054 	 0 	 0 	 0
4.98e-06 	 -0.053 	 0 	 0 	 0
4.98667e-06 	 -0.052 	 0 	 0 	 0
4.99333e-06 	 -0.051 	 0 	 0 	 0
5e-06 	 -0.05 	 0 	 0 	 0
5.00667e-06 	 -0.049 	 0 	 0 	 0
5.01333e-06 	 -0.048 	 0 	 0 	 0
5.02e-06 	 -0.047 	 0 	 0 	 0
5.02667e-06 	 -0.046 	 0 	 0 	 0
5.03333e-06 	 -0.045 	 0 	 0 	 0
5.04e-06 	 -0.044 	 0 	 0 	 0
5.04667e-06 	 -0.043 	 0 	 0 	 0
5.05333e-06 	 -0.042 	 0 	 0 	 0
5.06e-06 	 -0.041 	 0 	 0 	 0
5.06667e-06 	 -0.04 	 0 	 0 	 0
5.07333e-06 	 -0.039 	 0 	 0 	 0
5.08e-06 	 -0.038 	 0 	 0 	 0
5.08667e-06 	 -0.037 	 0 	 0 	 0
5.09333e-06 	 -0.036 	 0 	 0 	 0
5.1e-06 	 -0.035 	 0 	 0 	 0
5.10667e-06 	 -0.034 	 0 	 0 	 0
5.11333e-06 	 -0.033 	 0 	 0 	 0
5.12e-06 	 -0.032 	 0 	 0 	 0
5.12667e-06 	 -0.031 	 0 	 0 	 0
5.13333e-06 	 -0.03 	 0 	 0 	 0
5.14e-06 	 -0.029 	 0 	 0 	 0
5.14667e-06 	 -0.028 	 0 	 0 	 0
5.15333e-06 	 -0.027 	 0 	 0 	 0
5.16e-06 	 -0.026 	 0 	 0 	 0
5.16667e-06 	 -0.025 	 0 	 0 	 0
5.17333e-06 	 -0.024 	 0 	 0 	 0
5.18e-06 	 -0.023 	 0 	 0 	 0
5.18667e-06 	 -0.022 	 0 	 0 	 0
5.19333e-06 	 -0.021 	 0 	 0 	 0
5.2e-06 	 -0.02 	 0 	 0 	 0
5.20667e-06 	 -0.019 	 0 	 0 	 0
5.21333e-06 	 -0.018 	 0 	 0 	 0
5.22e-06 	 -0.017 	 0 	 0 	 0
5.22667e-06 	 -0.016 	 0 	 0 	 0
5.23333e-06 	 -0.015 	 0 	 0 	 0
5.24e-06 	 -0.014 	 0 	 0 	 0
5.24667e-06 	 -0.013 	 0 	 0 	 0
5.25333e-06 	 -0.012 	 0 	 0 	 0
5.26e-06 	 -0.011 	 0 	 0 	 0
5.26667e-06 	 -0.01 	 0 	 0 	 0
5.27333e-06 	 -0.009 	 0 	 0 	 0
5.28e-06 	 -0.008 	 0 	 0 	 0
5.28667e-06 	 -0.007 	 0 	 0 	 0
5.29333e-06 	 -0.006 	 0 	 0 	 0
5.3e-06 	 -0.005 	 0 	 0 	 0
5.30667e-06 	 -0.004 	 0 	 0 	 0
5.31333e-06 	 -0.003 	 0 	 0.220015 	 0
5.32e-06 	 -0.002 	 0 	 0.659356 	 1.2586e-05
5.32667e-06 	 -0.001 	 0 	 1.09647 	 6.28907e-05
5.33333e-06 	 0 	 0.00206672 	 1.53097 	 0.000163333
5.34e-06 	 0.001 	 0.00206383 	 1.75043 	 0.000313637
5.34667e-06 	 0.002 	 0.00206094 	 1.73704 	 0.00050135
5.35333e-06 	 0.003 	 0.00205805 	 1.70034 	 0.000700852
5.36e-06 	 0.004 	 0.00205518 	 1.63974 	 0.000897489
5.36667e-06 	 0.005 	 0.0020523 	 1.53726 	 0.00108856
5.37333e-06 	 0.006 	 0.00204943 	 1.40841 	 0.0012703
5.38e-06 	 0.007 	 0.00204656 	 1.2694 	 0.00143881
5.38667e-06 	 0.008 	 0.0020437 	 1.12157 	 0.00159199
5.39333e-06 	 0.009 	 0.00204084 	 0.975235 	 0.00172877
5.4e-06 	 0.01 	 0.00203798 	 0.844166 	 0.00184872
5.40667e-06 	 0.011 	 0.00203513 	 0.716551 	 0.0019528
5.41333e-06 	 0.012 	 0.00203229 	 0.596401 	 0.00204208
5.42e-06 	 0.013 	 0.00202944 	 0.504006 	 0.00211719
5.42667e-06 	 0.014 	 0.0020266 	 0.409058 	 0.00218014
5.43333e-06 	 0.015 	 0.00202377 	 0.326361 	 0.00223237
5.44e-06 	 0.016 	 0.00202094 	 0.272593 	 0.00227444
5.44667e-06 	 0.017 	 0.00201811 	 0.211244 	 0.0023087
5.45333e-06 	 0.018 	 0.00201529 	 0.167134 	 0.00233638
5.46e-06 	 0.019 	 0.00201247 	 0.129383 	 0.00235803
5.46667e-06 	 0.02 	 0.00200965 	 0.079572 	 0.00237499
5.47333e-06 	 0.021 	 0.00200684 	 0.0550228 	 0.00238694
5.48e-06 	 0.022 	 0.00200403 	 0.0353429 	 0.00239464
5.48667e-06 	 0.023 	 0.00200123 	 0.0178428 	 0.00239981
5.49333e-06 	 0.024 	 0.00199843 	 0.0121743 	 0.00240285
5.5e-06 	 0.025 	 0.00199563 	 -0.00329518 	 0.00240457
5.50667e-06 	 0.026 	 0.00199284 	 -0.0195126 	 0.00240508
5.51333e-06 	 0.027 	 0.00199005 	 -0.0236343 	 0.00240377
5.52e-06 	 0.028 	 0.00198727 	 -0.0337563 	 0.0024013
5.52667e-06 	 0.029 	 0.00198449 	 -0.0418366 	 0.00239802
5.53333e-06 	 0.03 	 0.00198171 	 -0.0378715 	 0.0023937
5.54e-06 	 0.031 	 0.00197894 	 -0.0403317 	 0.00238914
5.54667e-06 	 0.032 	 0.00197617 	 -0.0434026 	 0.00238466
5.55333e-06 	 0.033 	 0.00197341 	 -0.040506 	 0.00237987
5.56e-06 	 0.034 	 0.00197065 	 -0.0479502 	 0.00237507
5.56667e-06 	 0.035 	 0.00196789 	 -0.0581117 	 0.00237001
5.57333e-06 	 0.036 	 0.00196514 	 -0.046332 	 0.00236395
5.58e-06 	 0.037 	 0.00196239 	 -0.0530108 	 0.00235797
5.58667e-06 	 0.038 	 0.00195964 	 -0.0588201 	 0.00235229
5.59333e-06 	 0.039 	 0.0019569 	 -0.0473183 	 0.00234589
5.6e-06 	 0.04 	 0.00195416 	 -0.0545072 	 0.00233982
5.60667e-06 	 0.041 	 0.00195143 	 -0.0513944 	 0.002334
5.61333e-06 	 0.042 	 0.0019487 	 -0.0503378 	 0.00232794
5.62e-06 	 0.043 	 0.00194597 	 -0.0549355 	 0.00232212
5.62667e-06 	 0.044 	 0.00194325 	 -0.0499522 	 0.0023161
5.63333e-06 	 0.045 	 0.00194053 	 -0.0518166 	 0.0023101
5.64e-06 	 0.046 	 0.00193782 	 -0.0515793 	 0.00230427
5.64667e-06 	 0.047 	 0.0019351 	 -0.0480238 	 0.00229836
5.65333e-06 	 0.048 	 0.0019324 	 -0.0563681 	 0.00229266
5.66e-06 	 0.049 	 0.00192969 	 -0.0573409 	 0.00228669
5.66667e-06 	 0.05 	 0.00192699 	 -0.0461306 	 0.00228018
5.67333e-06 	 0.051 	 0.0019243 	 -0.050778 	 0.00227427
5.68e-06 	 0.052 	 0.00192161 	 -0.0535834 	 0.00226872
5.68667e-06 	 0.053 	 0.00191892 	 -0.0461999 	 0.00226275
5.69333e-06 	 0.054 	 0.00191623 	 -0.058728 	 0.00225704
5.7e-06 	 0.055 	 0.00191355 	 -0.0560865 	 0.00225104
5.70667e-06 	 0.056 	 0.00191087 	 -0.0413864 	 0.00224447
5.71333e-06 	 0.057 	 0.0019082 	 -0.0570538 	 0.0022389
5.72e-06 	 0.058 	 0.00190553 	 -0.0468245 	 0.00223327
5.72667e-06 	 0.059 	 0.00190287 	 -0.04473 	 0.00222732
5.73333e-06 	 0.06 	 0.0019002 	 -0.0584583 	 0.00222209
5.74e-06 	 0.061 	 0.00189755 	 -0.046258 	 0.00221618
5.74667e-06 	 0.062 	 0.00189489 	 -0.0518866 	 0.00221019
5.75333e-06 	 0.063 	 0.00189224 	 -0.0531873 	 0.00220458
5.76e-06 	 0.064 	 0.00188959 	 -0.0486409 	 0.00219857
5.76667e-06 	 0.065 	 0.00188695 	 -0.0488299 	 0.00219274
5.77333e-06 	 0.066 	 0.00188431 	 -0.0458168 	 0.00218717
5.78e-06 	 0.067 	 0.00188167 	 -0.0492515 	 0.00218175
5.78667e-06 	 0.068 	 0.00187904 	 -0.048819 	 0.00217631
5.79333e-06 	 0.069 	 0.00187641 	 -0.0462079 	 0.0021707
5.8e-06 	 0.07 	 0.00187379 	 -0.0510616 	 0.00216527
5.80667e-06 	 0.071 	 0.00187116 	 -0.0487535 	 0.0021597
5.81333e-06 	 0.072 	 0.00186855 	 -0.0478498 	 0.00215399
5.82e-06 	 0.073 	 0.00186593 	 -0.0527733 	 0.00214847
5.82667e-06 	 0.074 	 0.00186332 	 -0.0475359 	 0.00214271
5.83333e-06 	 0.075 	 0.00186072 	 -0.0428591 	 0.00213697
5.84e-06 	 0.076 	 0.00185811 	 -0.0482275 	 0.0021318
5.84667e-06 	 0.077 	 0.00185551 	 -0.0480491 	 0.00212659
5.85333e-06 	 0.078 	 0.00185292 	 -0.046647 	 0.00212108
5.86e-06 	 0.079 	 0.00185032 	 -0.0526802 	 0.00211567
5.86667e-06 	 0.08 	 0.00184774 	 -0.0470758 	 0.00210998
5.87333e-06 	 0.081 	 0.00184515 	 -0.0451874 	 0.00210428
5.88e-06 	 0.082 	 0.00184257 	 -0.050776 	 0.002099
5.88667e-06 	 0.083 	 0.00183999 	 -0.0431459 	 0.00209351
5.89333e-06 	 0.084 	 0.00183742 	 -0.0427161 	 0.00208814
5.9e-06 	 0.085 	 0.00183485 	 -0.048814 	 0.00208323
5.90667e-06 	 0.086 	 0.00183228 	 -0.0432234 	 0.00207799
5.91333e-06 	 0.087 	 0.00182972 	 -0.0454711 	 0.00207272
5.92e-06 	 0.088 	 0.00182716 	 -0.0529188 	 0.00206765
5.92667e-06 	 0.089 	 0.0018246 	 -0.0452932 	 0.00206202
5.93333e-06 	 0.09 	 0.00182205 	 -0.042074 	 0.0020564
5.94e-06 	 0.091 	 0.0018195 	 -0.0503466 	 0.00205141
5.94667e-06 	 0.092 	 0.00181695 	 -0.0443527 	 0.00204612
5.95333e-06 	 0.093 	 0.00181441 	 -0.0415641 	 0.0020407
5.96e-06 	 0.094 	 0.00181187 	 -0.0462682 	 0.00203579
5.96667e-06 	 0.095 	 0.00180934 	 -0.0456143 	 0.00203076
5.97333e-06 	 0.096 	 0.00180681 	 -0.0434152 	 0.00202551
5.98e-06 	 0.097 	 0.00180428 	 -0.0464265 	 0.00202041
5.98667e-06 	 0.098 	 0.00180175 	 -0.0466757 	 0.00201527
5.99333e-06 	 0.099 	 0.00179923 	 -0.0408802 	 0.00200995
6e-06 	 0.1 	 0.00179672 	 -0.0484284 	 0.00200494
6.00667e-06 	 0.101 	 0.0017942 	 -0.0459218 	 0.00199983
6.01333e-06 	 0.102 	 0.00179169 	 -0.0419636 	 0.00199443
6.02e-06 	 0.103 	 0.00178919 	 -0.0440653 	 0.00198941
6.02667e-06 	 0.104 	 0.00178668 	 -0.036151 	 0.00198448
6.03333e-06 	 0.105 	 0.00178418 	 -0.0449008 	 0.0019799
6.04e-06 	 0.106 	 0.00178169 	 -0.0499732 	 0.00197526
6.04667e-06 	 0.107 	 0.0017792 	 -0.0423423 	 0.00196983
6.05333e-06 	 0.108 	 0.00177671 	 -0.0441082 	 0.00196455
6.06e-06 	 0.109 	 0.00177422 	 -0.0428753 	 0.00195961
6.06667e-06 	 0.11 	 0.00177174 	 -0.0389591 	 0.00195463
6.07333e-06 	 0.111 	 0.00176926 	 -0.0406775 	 0.00194995
6.08e-06 	 0.112 	 0.00176678 	 -0.0491044 	 0.00194539
6.08667e-06 	 0.113 	 0.00176431 	 -0.0409019 	 0.00194026
6.09333e-06 	 0.114 	 0.00176184 	 -0.039061 	 0.00193511
6.1e-06 	 0.115 	 0.00175938 	 -0.047522 	 0.00193053
6.10667e-06 	 0.116 	 0.00175692 	 -0.0409619 	 0.00192558
6.11333e-06 	 0.117 	 0.00175446 	 -0.0416663 	 0.00192052
6.12e-06 	 0.118 	 0.00175201 	 -0.0453918 	 0.00191579
6.12667e-06 	 0.119 	 0.00174955 	 -0.0425261 	 0.00191081
6.13333e-06 	 0.12 	 0.00174711 	 -0.0368698 	 0.00190578
6.14e-06 	 0.121 	 0.00174466 	 -0.0404719 	 0.00190124
6.14667e-06 	 0.122 	 0.00174222 	 -0.0426813 	 0.00189682
6.15333e-06 	 0.123 	 0.00173978 	 -0.0403986 	 0.00189206
6.16e-06 	 0.124 	 0.00173735 	 -0.0439997 	 0.00188731
6.16667e-06 	 0.125 	 0.00173492 	 -0.0418067 	 0.00188248
6.17333e-06 	 0.126 	 0.00173249 	 -0.0371525 	 0.00187757
6.18e-06 	 0.127 	 0.00173007 	 -0.0420705 	 0.00187305
6.18667e-06 	 0.128 	 0.00172765 	 -0.0393546 	 0.00186852
6.19333e-06 	 0.129 	 0.00172523 	 -0.0387657 	 0.00186386
6.2e-06 	 0.13 	 0.00172282 	 -0.0457826 	 0.00185939
6.20667e-06 	 0.131 	 0.00172041 	 -0.041427 	 0.00185456
6.21333e-06 	 0.132 	 0.001718 	 -0.0411304 	 0.00184957
6.22e-06 	 0.133 	 0.0017156 	 -0.0424899 	 0.00184485
6.22667e-06 	 0.134 	 0.0017132 	 -0.0347179 	 0.00184006
6.23333e-06 	 0.135 	 0.0017108 	 -0.0368223 	 0.00183565
6.24e-06 	 0.136 	 0.00170841 	 -0.0417112 	 0.00183155
6.24667e-06 	 0.137 	 0.00170602 	 -0.0406485 	 0.00182706
6.25333e-06 	 0.138 	 0.00170363 	 -0.0413069 	 0.00182235
6.26e-06 	 0.139 	 0.00170125 	 -0.0393637 	 0.00181766
6.26667e-06 	 0.14 	 0.00169887 	 -0.0378257 	 0.00181305
6.27333e-06 	 0.141 	 0.00169649 	 -0.0333903 	 0.00180863
6.28e-06 	 0.142 	 0.00169412 	 -0.0446523 	 0.00180456
6.28667e-06 	 0.143 	 0.00169175 	 -0.0415338 	 0.00180009
6.29333e-06 	 0.144 	 0.00168938 	 -0.0372355 	 0.00179516
6.3e-06 	 0.145 	 0.00168702 	 -0.0459602 	 0.00179066
6.30667e-06 	 0.146 	 0.00168466 	 -0.0307075 	 0.0017859
6.31333e-06 	 0.147 	 0.0016823 	 -0.0362094 	 0.00178151
6.32e-06 	 0.148 	 0.00167995 	 -0.0401471 	 0.00177768
6.32667e-06 	 0.149 	 0.00167759 	 -0.0367242 	 0.00177331
6.33333e-06 	 0.15 	 0.00167525 	 -0.0442196 	 0.00176892
6.34e-06 	 0.151 	 0.0016729 	 -0.0364315 	 0.00176429
6.34667e-06 	 0.152 	 0.00167056 	 -0.0349861 	 0.00175967
6.35333e-06 	 0.153 	 0.00166823 	 -0.0388552 	 0.00175559
6.36e-06 	 0.154 	 0.00166589 	 -0.0380637 	 0.00175136
6.36667e-06 	 0.155 	 0.00166356 	 -0.037511 	 0.00174696
6.37333e-06 	 0.156 	 0.00166123 	 -0.0359234 	 0.00174264
6.38e-06 	 0.157 	 0.00165891 	 -0.0363843 	 0.00173844
6.38667e-06 	 0.158 	 0.00165659 	 -0.0363955 	 0.0017343
6.39333e-06 	 0.159 	 0.00165427 	 -0.03731 	 0.00173014
6.4e-06 	 0.16 	 0.00165196 	 -0.0426414 	 0.00172592
6.40667e-06 	 0.161 	 0.00164965 	 -0.0391266 	 0.00172135
6.41333e-06 	 0.162 	 0.00164734 	 -0.0358476 	 0.00171667
6.42e-06 	 0.163 	 0.00164503 	 -0.0356645 	 0.00171238
6.42667e-06 	 0.164 	 0.00164273 	 -0.0323641 	 0.00170829
6.43333e-06 	 0.165 	 0.00164043 	 -0.0357824 	 0.0017044
6.44e-06 	 0.166 	 0.00163814 	 -0.034899 	 0.0017005
6.44667e-06 	 0.167 	 0.00163585 	 -0.0423165 	 0.00169646
6.45333e-06 	 0.168 	 0.00163356 	 -0.0402015 	 0.00169204
6.46e-06 	 0.169 	 0.00163127 	 -0.0292779 	 0.00168732
6.46667e-06 	 0.17 	 0.00162899 	 -0.0377938 	 0.00168335
6.47333e-06 	 0.171 	 0.00162671 	 -0.034606 	 0.00167951
6.48e-06 	 0.172 	 0.00162444 	 -0.0344959 	 0.00167537
6.48667e-06 	 0.173 	 0.00162216 	 -0.0385742 	 0.00167142
6.49333e-06 	 0.174 	 0.00161989 	 -0.0340326 	 0.00166724
6.5e-06 	 0.175 	 0.00161763 	 -0.0349743 	 0.00166308
6.50667e-06 	 0.176 	 0.00161537 	 -0.0351357 	 0.00165913
6.51333e-06 	 0.177 	 0.00161311 	 -0.0388299 	 0.00165512
6.52e-06 	 0.178 	 0.00161085 	 -0.0366348 	 0.00165089
6.52667e-06 	 0.179 	 0.0016086 	 -0.0312862 	 0.00164658
6.53333e-06 	 0.18 	 0.00160634 	 -0.033741 	 0.00164269
6.54e-06 	 0.181 	 0.0016041 	 -0.0349929 	 0.00163897
6.54667e-06 	 0.182 	 0.00160185 	 -0.0346953 	 0.00163504
6.55333e-06 	 0.183 	 0.00159961 	 -0.0367656 	 0.00163105
6.56e-06 	 0.184 	 0.00159737 	 -0.032839 	 0.00162696
6.56667e-06 	 0.185 	 0.00159514 	 -0.0343301 	 0.00162298
6.57333e-06 	 0.186 	 0.00159291 	 -0.0356159 	 0.00161914
6.58e-06 	 0.187 	 0.00159068 	 -0.0341179 	 0.00161514
6.58667e-06 	 0.188 	 0.00158845 	 -0.0387368 	 0.00161115
6.59333e-06 	 0.189 	 0.00158623 	 -0.0339711 	 0.00160698
6.6e-06 	 0.19 	 0.00158401 	 -0.0326283 	 0.00160282
6.60667e-06 	 0.191 	 0.0015818 	 -0.028656 	 0.00159901
6.61333e-06 	 0.192 	 0.00157958 	 -0.0329131 	 0.00159551
6.62e-06 	 0.193 	 0.00157737 	 -0.0352649 	 0.00159198
6.62667e-06 	 0.194 	 0.00157517 	 -0.0323787 	 0.00158808
6.63333e-06 	 0.195 	 0.00157296 	 -0.0411349 	 0.00158421
6.64e-06 	 0.196 	 0.00157076 	 -0.0299527 	 0.00158001
6.64667e-06 	 0.197 	 0.00156856 	 0.865645 	 0.00157594
6.65333e-06 	 0.198 	 0.00156637 	 2.6309 	 0.00162375
6.66e-06 	 0.199 	 0.00156418 	 4.39733 	 0.00182377
6.66667e-06 	 0.2 	 0.00996534 	 6.12833 	 0.00222582
6.67333e-06 	 0.201 	 0.00987606 	 6.89853 	 0.00282794
6.68e-06 	 0.202 	 0.00978757 	 6.68737 	 0.00357315
6.68667e-06 	 0.203 	 0.00969988 	 6.27879 	 0.00435034
6.69333e-06 	 0.204 	 0.00961297 	 5.69831 	 0.00509207
6.7e-06 	 0.205 	 0.00952684 	 5.01115 	 0.00577722
6.70667e-06 	 0.206 	 0.00944149 	 4.22655 	 0.00638986
6.71333e-06 	 0.207 	 0.0093569 	 3.4859 	 0.0069183
6.72e-06 	 0.208 	 0.00927306 	 2.79143 	 0.0073595
6.72667e-06 	 0.209 	 0.00918998 	 2.15975 	 0.00771859
6.73333e-06 	 0.21 	 0.00910764 	 1.62448 	 0.00800183
6.74e-06 	 0.211 	 0.00902604 	 1.1396 	 0.00821831
6.74667e-06 	 0.212 	 0.00894517 	 0.762772 	 0.00837643
6.75333e-06 	 0.213 	 0.00886502 	 0.455339 	 0.00848525
6.76e-06 	 0.214 	 0.0087856 	 0.162518 	 0.00855493
6.76667e-06 	 0.215 	 0.00870688 	 -0.0176974 	 0.00859028
6.77333e-06 	 0.216 	 0.00862887 	 -0.199317 	 0.00859856
6.78e-06 	 0.217 	 0.00855156 	 -0.351319 	 0.00858615
6.78667e-06 	 0.218 	 0.00847494 	 -0.382655 	 0.00855465
6.79333e-06 	 0.219 	 0.00839901 	 -0.495066 	 0.00851266
6.8e-06 	 0.22 	 0.00832376 	 -0.541474 	 0.00846245
6.80667e-06 	 0.221 	 0.00824918 	 -0.567662 	 0.00840316
6.81333e-06 	 0.222 	 0.00817527 	 -0.64749 	 0.00833971
6.82e-06 	 0.223 	 0.00810202 	 -0.630961 	 0.00827019
6.82667e-06 	 0.224 	 0.00802943 	 -0.653339 	 0.00819706
6.83333e-06 	 0.225 	 0.00795749 	 -0.667407 	 0.00812359
6.84e-06 	 0.226 	 0.00788619 	 -0.654831 	 0.00804804
6.84667e-06 	 0.227 	 0.00781554 	 -0.675923 	 0.0079724
6.85333e-06 	 0.228 	 0.00774551 	 -0.659815 	 0.00789627
6.86e-06 	 0.229 	 0.00767611 	 -0.669355 	 0.00781986
6.86667e-06 	 0.23 	 0.00760734 	 -0.668958 	 0.00774383
6.87333e-06 	 0.231 	 0.00753918 	 -0.653833 	 0.00766727
6.88e-06 	 0.232 	 0.00747163 	 -0.6616 	 0.0075916
6.88667e-06 	 0.233 	 0.00740469 	 -0.649922 	 0.00751635
6.89333e-06 	 0.234 	 0.00733835 	 -0.637738 	 0.00744132
6.9e-06 	 0.235 	 0.0072726 	 -0.640843 	 0.00736766
6.90667e-06 	 0.236 	 0.00720744 	 -0.632792 	 0.00729452
6.91333e-06 	 0.237 	 0.00714286 	 -0.608904 	 0.00722166
6.92e-06 	 0.238 	 0.00707886 	 -0.62016 	 0.00715063
6.92667e-06 	 0.239 	 0.00701544 	 -0.615822 	 0.00708032
6.93333e-06 	 0.24 	 0.00695258 	 -0.617559 	 0.00700961
6.94e-06 	 0.241 	 0.00689029 	 -0.605683 	 0.00693906
6.94667e-06 	 0.242 	 0.00682856 	 -0.593114 	 0.00686908
6.95333e-06 	 0.243 	 0.00676738 	 -0.598486 	 0.00680051
6.96e-06 	 0.244 	 0.00670674 	 -0.565161 	 0.00673234
6.96667e-06 	 0.245 	 0.00664665 	 -0.586577 	 0.00666577
6.97333e-06 	 0.246 	 0.0065871 	 -0.58682 	 0.00659989
6.98e-06 	 0.247 	 0.00652808 	 -0.556443 	 0.00653276
6.98667e-06 	 0.248 	 0.0064696 	 -0.562304 	 0.00646736
6.99333e-06 	 0.249 	 0.00641163 	 -0.556001 	 0.00640336
7e-06 	 0.25 	 0.00635418 	 -0.53726 	 0.00633939
7.00667e-06 	 0.251 	 0.00629725 	 -0.535387 	 0.00627685
7.01333e-06 	 0.252 	 0.00624083 	 -0.542328 	 0.00621549
7.02e-06 	 0.253 	 0.00618492 	 -0.544682 	 0.00615384
7.02667e-06 	 0.254 	 0.0061295 	 -0.523063 	 0.00609166
7.03333e-06 	 0.255 	 0.00607458 	 -0.522835 	 0.00603057
7.04e-06 	 0.256 	 0.00602016 	 -0.527653 	 0.00597074
7.04667e-06 	 0.257 	 0.00596622 	 -0.497132 	 0.00591065
7.05333e-06 	 0.258 	 0.00591276 	 -0.518764 	 0.00585203
7.06e-06 	 0.259 	 0.00585979 	 -0.511543 	 0.00579391
7.06667e-06 	 0.26 	 0.00580729 	 -0.475935 	 0.00573497
7.07333e-06 	 0.261 	 0.00575526 	 -0.488971 	 0.00567848
7.08e-06 	 0.262 	 0.00570369 	 -0.492144 	 0.00562329
7.08667e-06 	 0.263 	 0.00565259 	 -0.480445 	 0.00556716
7.09333e-06 	 0.264 	 0.00560194 	 -0.485288 	 0.00551152
7.1e-06 	 0.265 	 0.00555175 	 -0.471024 	 0.00545628
7.10667e-06 	 0.266 	 0.00550201 	 -0.464276 	 0.00540157
7.11333e-06 	 0.267 	 0.00545271 	 -0.458367 	 0.00534807
7.12e-06 	 0.268 	 0.00540386 	 -0.447728 	 0.00529529
7.12667e-06 	 0.269 	 0.00535544 	 -0.466795 	 0.00524346
7.13333e-06 	 0.27 	 0.00530746 	 -0.442018 	 0.00519114
7.14e-06 	 0.271 	 0.00525991 	 -0.444126 	 0.00513915
7.14667e-06 	 0.272 	 0.00521278 	 -0.463633 	 0.00508846
7.15333e-06 	 0.273 	 0.00516608 	 -0.420981 	 0.00503653
7.16e-06 	 0.274 	 0.00511979 	 -0.428686 	 0.00498593
7.16667e-06 	 0.275 	 0.00507392 	 -0.433456 	 0.00493732
7.17333e-06 	 0.276 	 0.00502846 	 -0.409066 	 0.004888
7.18e-06 	 0.277 	 0.00498341 	 -0.423693 	 0.0048398
7.18667e-06 	 0.278 	 0.00493876 	 -0.424558 	 0.00479217
7.19333e-06 	 0.279 	 0.00489451 	 -0.412276 	 0.00474364
7.2e-06 	 0.28 	 0.00485065 	 -0.406456 	 0.00469577
7.20667e-06 	 0.281 	 0.00480719 	 -0.397784 	 0.00464893
7.21333e-06 	 0.282 	 0.00476412 	 -0.390087 	 0.00460293
7.22e-06 	 0.283 	 0.00472144 	 -0.385771 	 0.00455786
7.22667e-06 	 0.284 	 0.00467914 	 -0.384758 	 0.00451347
7.23333e-06 	 0.285 	 0.00463721 	 -0.396508 	 0.0044694
7.24e-06 	 0.286 	 0.00459567 	 -0.386716 	 0.0044247
7.24667e-06 	 0.287 	 0.00455449 	 -0.377183 	 0.0043799
7.25333e-06 	 0.288 	 0.00451368 	 -0.37902 	 0.0043362
7.26e-06 	 0.289 	 0.00447324 	 -0.364014 	 0.00429294
7.26667e-06 	 0.29 	 0.00443316 	 -0.365009 	 0.00425044
7.27333e-06 	 0.291 	 0.00439344 	 -0.362177 	 0.00420873
7.28e-06 	 0.292 	 0.00435408 	 -0.810539 	 0.00416713
7.28667e-06 	 0.293 	 0.00431507 	 -1.71139 	 0.00410005
7.29333e-06 	 0.294 	 0.00427641 	 -2.58715 	 0.00395578
7.3e-06 	 0.295 	 0 	 -3.45747 	 0.00370988
7.30667e-06 	 0.296 	 0 	 -3.83109 	 0.0033641
7.31333e-06 	 0.297 	 0 	 -3.67388 	 0.00294715
7.32e-06 	 0.298 	 0 	 -3.42832 	 0.00251783
7.32667e-06 	 0.299 	 0 	 -3.09037 	 0.00211154
7.33333e-06 	 0.3 	 0 	 -2.68768 	 0.00173864
7.34e-06 	 0.301 	 0 	 -2.26802 	 0.0014081
7.34667e-06 	 0.302 	 0 	 -1.88144 	 0.00112461
7.35333e-06 	 0.303 	 0 	 -1.52903 	 0.000887242
7.36e-06 	 0.304 	 0 	 -1.22174 	 0.000692144
7.36667e-06 	 0.305 	 0 	 -0.967943 	 0.000534786
7.37333e-06 	 0.306 	 0 	 -0.755213 	 0.000409524
7.38e-06 	 0.307 	 0 	 -0.582399 	 0.000310951
7.38667e-06 	 0.308 	 0 	 -0.446681 	 0.000234432
7.39333e-06 	 0.309 	 0 	 -0.338861 	 0.000175563
7.4e-06 	 0.31 	 0 	 -0.254219 	 0.000130626
7.40667e-06 	 0.311 	 0 	 -0.190811 	 9.66987e-05
7.41333e-06 	 0.312 	 0 	 -0.142154 	 7.12406e-05
7.42e-06 	 0.313 	 0 	 -0.104867 	 5.21932e-05
7.42667e-06 	 0.314 	 0 	 -0.0772602 	 3.80623e-05
7.43333e-06 	 0.315 	 0 	 -0.0566722 	 2.76436e-05
7.44e-06 	 0.316 	 0 	 -0.0413277 	 1.9982e-05
7.44667e-06 	 0.317 	 0 	 -0.030015 	 1.43759e-05
7.45333e-06 	 0.318 	 0 	 -0.0216925 	 1.02947e-05
7.46e-06 	 0.319 	 0 	 -0.0154894 	 7.33673e-06
7.46667e-06 	 0.32 	 0 	 -0.011046 	 5.20972e-06
7.47333e-06 	 0.321 	 0 	 -0.00789418 	 3.69176e-06
7.48e-06 	 0.322 	 0 	 -0.00562333 	 2.60828e-06
7.48667e-06 	 0.323 	 0 	 -0.00399044 	 1.83501e-06
7.49333e-06 	 0.324 	 0 	 -0.00282284 	 1.28505e-06
7.5e-06 	 0.325 	 0 	 -0.00199086 	 8.95295e-07
7.50667e-06 	 0.326 	 0 	 -0.00140597 	 6.19925e-07
7.51333e-06 	 0.327 	 0 	 -0.000980782 	 4.25609e-07
7.52e-06 	 0.328 	 0 	 -0.000682822 	 2.89074e-07
7.52667e-06 	 0.329 	 0 	 -0.000476986 	 1.93907e-07
7.53333e-06 	 0.33 	 0 	 -0.000328995 	 1.2756e-07
7.54e-06 	 0.331 	 0 	 -0.000229455 	 8.14538e-08
7.54667e-06 	 0.332 	 0 	 -0.000153618 	 4.95075e-08
7.55333e-06 	 0.333 	 0 	 -9.25705e-05 	 2.75937e-08
7.56e-06 	 0.334 	 0 	 -4.9358e-05 	 1.35104e-08
7.56667e-06 	 0.335 	 0 	 -1.90713e-05 	 5.39134e-09
7.57333e-06 	 0.336 	 0 	 -3.37245e-06 	 1.47682e-09
7.58e-06 	 0.337 	 0 	 0 	 1.92922e-10
7.58667e-06 	 0.338 	 0 	 0 	 -1.27599e-19
7.59333e-06 	 0.339 	 0 	 0 	 -1.27599e-19
# MSE  -0.8 2.75237178405e-07
