# (t) 	 (c tau) 	 (p0) 	 (pzD) 	 (p0FF)
0 	 -1.4 	 0 	 0 	 0
6.66667e-09 	 -1.399 	 0 	 0 	 0
1.33333e-08 	 -1.398 	 0 	 0 	 0
2e-08 	 -1.397 	 0 	 0 	 0
2.66667e-08 	 -1.396 	 0 	 0 	 0
3.33333e-08 	 -1.395 	 0 	 0 	 0
4e-08 	 -1.394 	 0 	 0 	 0
4.66667e-08 	 -1.393 	 0 	 0 	 0
5.33333e-08 	 -1.392 	 0 	 0 	 0
6e-08 	 -1.391 	 0 	 0 	 0
6.66667e-08 	 -1.39 	 0 	 0 	 0
7.33333e-08 	 -1.389 	 0 	 0 	 0
8e-08 	 -1.388 	 0 	 0 	 0
8.66667e-08 	 -1.387 	 0 	 0 	 0
9.33333e-08 	 -1.386 	 0 	 0 	 0
1e-07 	 -1.385 	 0 	 0 	 0
1.06667e-07 	 -1.384 	 0 	 0 	 0
1.13333e-07 	 -1.383 	 0 	 0 	 0
1.2e-07 	 -1.382 	 0 	 0 	 0
1.26667e-07 	 -1.381 	 0 	 0 	 0
1.33333e-07 	 -1.38 	 0 	 0 	 0
1.4e-07 	 -1.379 	 0 	 0 	 0
1.46667e-07 	 -1.378 	 0 	 0 	 0
1.53333e-07 	 -1.377 	 0 	 0 	 0
1.6e-07 	 -1.376 	 0 	 0 	 0
1.66667e-07 	 -1.375 	 0 	 0 	 0
1.73333e-07 	 -1.374 	 0 	 0 	 0
1.8e-07 	 -1.373 	 0 	 0 	 0
1.86667e-07 	 -1.372 	 0 	 0 	 0
1.93333e-07 	 -1.371 	 0 	 0 	 0
2e-07 	 -1.37 	 0 	 0 	 0
2.06667e-07 	 -1.369 	 0 	 0 	 0
2.13333e-07 	 -1.368 	 0 	 0 	 0
2.2e-07 	 -1.367 	 0 	 0 	 0
2.26667e-07 	 -1.366 	 0 	 0 	 0
2.33333e-07 	 -1.365 	 0 	 0 	 0
2.4e-07 	 -1.364 	 0 	 0 	 0
2.46667e-07 	 -1.363 	 0 	 0 	 0
2.53333e-07 	 -1.362 	 0 	 0 	 0
2.6e-07 	 -1.361 	 0 	 0 	 0
2.66667e-07 	 -1.36 	 0 	 0 	 0
2.73333e-07 	 -1.359 	 0 	 0 	 0
2.8e-07 	 -1.358 	 0 	 0 	 0
2.86667e-07 	 -1.357 	 0 	 0 	 0
2.93333e-07 	 -1.356 	 0 	 0 	 0
3e-07 	 -1.355 	 0 	 0 	 0
3.06667e-07 	 -1.354 	 0 	 0 	 0
3.13333e-07 	 -1.353 	 0 	 0 	 0
3.2e-07 	 -1.352 	 0 	 0 	 0
3.26667e-07 	 -1.351 	 0 	 0 	 0
3.33333e-07 	 -1.35 	 0 	 0 	 0
3.4e-07 	 -1.349 	 0 	 0 	 0
3.46667e-07 	 -1.348 	 0 	 0 	 0
3.53333e-07 	 -1.347 	 0 	 0 	 0
3.6e-07 	 -1.346 	 0 	 0 	 0
3.66667e-07 	 -1.345 	 0 	 0 	 0
3.73333e-07 	 -1.344 	 0 	 0 	 0
3.8e-07 	 -1.343 	 0 	 0 	 0
3.86667e-07 	 -1.342 	 0 	 0 	 0
3.93333e-07 	 -1.341 	 0 	 0 	 0
4e-07 	 -1.34 	 0 	 0 	 0
4.06667e-07 	 -1.339 	 0 	 0 	 0
4.13333e-07 	 -1.338 	 0 	 0 	 0
4.2e-07 	 -1.337 	 0 	 0 	 0
4.26667e-07 	 -1.336 	 0 	 0 	 0
4.33333e-07 	 -1.335 	 0 	 0 	 0
4.4e-07 	 -1.334 	 0 	 0 	 0
4.46667e-07 	 -1.333 	 0 	 0 	 0
4.53333e-07 	 -1.332 	 0 	 0 	 0
4.6e-07 	 -1.331 	 0 	 0 	 0
4.66667e-07 	 -1.33 	 0 	 0 	 0
4.73333e-07 	 -1.329 	 0 	 0 	 0
4.8e-07 	 -1.328 	 0 	 0 	 0
4.86667e-07 	 -1.327 	 0 	 0 	 0
4.93333e-07 	 -1.326 	 0 	 0 	 0
5e-07 	 -1.325 	 0 	 0 	 0
5.06667e-07 	 -1.324 	 0 	 0 	 0
5.13333e-07 	 -1.323 	 0 	 0 	 0
5.2e-07 	 -1.322 	 0 	 0 	 0
5.26667e-07 	 -1.321 	 0 	 0 	 0
5.33333e-07 	 -1.32 	 0 	 0 	 0
5.4e-07 	 -1.319 	 0 	 0 	 0
5.46667e-07 	 -1.318 	 0 	 0 	 0
5.53333e-07 	 -1.317 	 0 	 0 	 0
5.6e-07 	 -1.316 	 0 	 0 	 0
5.66667e-07 	 -1.315 	 0 	 0 	 0
5.73333e-07 	 -1.314 	 0 	 0 	 0
5.8e-07 	 -1.313 	 0 	 0 	 0
5.86667e-07 	 -1.312 	 0 	 0 	 0
5.93333e-07 	 -1.311 	 0 	 0 	 0
6e-07 	 -1.31 	 0 	 0 	 0
6.06667e-07 	 -1.309 	 0 	 0 	 0
6.13333e-07 	 -1.308 	 0 	 0 	 0
6.2e-07 	 -1.307 	 0 	 0 	 0
6.26667e-07 	 -1.306 	 0 	 0 	 0
6.33333e-07 	 -1.305 	 0 	 0 	 0
6.4e-07 	 -1.304 	 0 	 0 	 0
6.46667e-07 	 -1.303 	 0 	 0 	 0
6.53333e-07 	 -1.302 	 0 	 0 	 0
6.6e-07 	 -1.301 	 0 	 0 	 0
6.66667e-07 	 -1.3 	 0 	 0 	 0
6.73333e-07 	 -1.299 	 0 	 0 	 0
6.8e-07 	 -1.298 	 0 	 0 	 0
6.86667e-07 	 -1.297 	 0 	 0 	 0
6.93333e-07 	 -1.296 	 0 	 0 	 0
7e-07 	 -1.295 	 0 	 0 	 0
7.06667e-07 	 -1.294 	 0 	 0 	 0
7.13333e-07 	 -1.293 	 0 	 0 	 0
7.2e-07 	 -1.292 	 0 	 0 	 0
7.26667e-07 	 -1.291 	 0 	 0 	 0
7.33333e-07 	 -1.29 	 0 	 0 	 0
7.4e-07 	 -1.289 	 0 	 0 	 0
7.46667e-07 	 -1.288 	 0 	 0 	 0
7.53333e-07 	 -1.287 	 0 	 0 	 0
7.6e-07 	 -1.286 	 0 	 0 	 0
7.66667e-07 	 -1.285 	 0 	 0 	 0
7.73333e-07 	 -1.284 	 0 	 0 	 0
7.8e-07 	 -1.283 	 0 	 0 	 0
7.86667e-07 	 -1.282 	 0 	 0 	 0
7.93333e-07 	 -1.281 	 0 	 0 	 0
8e-07 	 -1.28 	 0 	 0 	 0
8.06667e-07 	 -1.279 	 0 	 0 	 0
8.13333e-07 	 -1.278 	 0 	 0 	 0
8.2e-07 	 -1.277 	 0 	 0 	 0
8.26667e-07 	 -1.276 	 0 	 0 	 0
8.33333e-07 	 -1.275 	 0 	 0 	 0
8.4e-07 	 -1.274 	 0 	 0 	 0
8.46667e-07 	 -1.273 	 0 	 0 	 0
8.53333e-07 	 -1.272 	 0 	 0 	 0
8.6e-07 	 -1.271 	 0 	 0 	 0
8.66667e-07 	 -1.27 	 0 	 0 	 0
8.73333e-07 	 -1.269 	 0 	 0 	 0
8.8e-07 	 -1.268 	 0 	 0 	 0
8.86667e-07 	 -1.267 	 0 	 0 	 0
8.93333e-07 	 -1.266 	 0 	 0 	 0
9e-07 	 -1.265 	 0 	 0 	 0
9.06667e-07 	 -1.264 	 0 	 0 	 0
9.13333e-07 	 -1.263 	 0 	 0 	 0
9.2e-07 	 -1.262 	 0 	 0 	 0
9.26667e-07 	 -1.261 	 0 	 0 	 0
9.33333e-07 	 -1.26 	 0 	 0 	 0
9.4e-07 	 -1.259 	 0 	 0 	 0
9.46667e-07 	 -1.258 	 0 	 0 	 0
9.53333e-07 	 -1.257 	 0 	 0 	 0
9.6e-07 	 -1.256 	 0 	 0 	 0
9.66667e-07 	 -1.255 	 0 	 0 	 0
9.73333e-07 	 -1.254 	 0 	 0 	 0
9.8e-07 	 -1.253 	 0 	 0 	 0
9.86667e-07 	 -1.252 	 0 	 0 	 0
9.93333e-07 	 -1.251 	 0 	 0 	 0
1e-06 	 -1.25 	 0 	 0 	 0
1.00667e-06 	 -1.249 	 0 	 0 	 0
1.01333e-06 	 -1.248 	 0 	 0 	 0
1.02e-06 	 -1.247 	 0 	 0 	 0
1.02667e-06 	 -1.246 	 0 	 0 	 0
1.03333e-06 	 -1.245 	 0 	 0 	 0
1.04e-06 	 -1.244 	 0 	 0 	 0
1.04667e-06 	 -1.243 	 0 	 0 	 0
1.05333e-06 	 -1.242 	 0 	 0 	 0
1.06e-06 	 -1.241 	 0 	 0 	 0
1.06667e-06 	 -1.24 	 0 	 0 	 0
1.07333e-06 	 -1.239 	 0 	 0 	 0
1.08e-06 	 -1.238 	 0 	 0 	 0
1.08667e-06 	 -1.237 	 0 	 0 	 0
1.09333e-06 	 -1.236 	 0 	 0 	 0
1.1e-06 	 -1.235 	 0 	 0 	 0
1.10667e-06 	 -1.234 	 0 	 0 	 0
1.11333e-06 	 -1.233 	 0 	 0 	 0
1.12e-06 	 -1.232 	 0 	 0 	 0
1.12667e-06 	 -1.231 	 0 	 0 	 0
1.13333e-06 	 -1.23 	 0 	 0 	 0
1.14e-06 	 -1.229 	 0 	 0 	 0
1.14667e-06 	 -1.228 	 0 	 0 	 0
1.15333e-06 	 -1.227 	 0 	 0 	 0
1.16e-06 	 -1.226 	 0 	 0 	 0
1.16667e-06 	 -1.225 	 0 	 0 	 0
1.17333e-06 	 -1.224 	 0 	 0 	 0
1.18e-06 	 -1.223 	 0 	 0 	 0
1.18667e-06 	 -1.222 	 0 	 0 	 0
1.19333e-06 	 -1.221 	 0 	 0 	 0
1.2e-06 	 -1.22 	 0 	 0 	 0
1.20667e-06 	 -1.219 	 0 	 0 	 0
1.21333e-06 	 -1.218 	 0 	 0 	 0
1.22e-06 	 -1.217 	 0 	 0 	 0
1.22667e-06 	 -1.216 	 0 	 0 	 0
1.23333e-06 	 -1.215 	 0 	 0 	 0
1.24e-06 	 -1.214 	 0 	 0 	 0
1.24667e-06 	 -1.213 	 0 	 0 	 0
1.25333e-06 	 -1.212 	 0 	 0 	 0
1.26e-06 	 -1.211 	 0 	 0 	 0
1.26667e-06 	 -1.21 	 0 	 0 	 0
1.27333e-06 	 -1.209 	 0 	 0 	 0
1.28e-06 	 -1.208 	 0 	 0 	 0
1.28667e-06 	 -1.207 	 0 	 0 	 0
1.29333e-06 	 -1.206 	 0 	 0 	 0
1.3e-06 	 -1.205 	 0 	 0 	 0
1.30667e-06 	 -1.204 	 0 	 0 	 0
1.31333e-06 	 -1.203 	 0 	 0 	 0
1.32e-06 	 -1.202 	 0 	 0 	 0
1.32667e-06 	 -1.201 	 0 	 0 	 0
1.33333e-06 	 -1.2 	 0 	 0 	 0
1.34e-06 	 -1.199 	 0 	 0 	 0
1.34667e-06 	 -1.198 	 0 	 0 	 0
1.35333e-06 	 -1.197 	 0 	 0 	 0
1.36e-06 	 -1.196 	 0 	 0 	 0
1.36667e-06 	 -1.195 	 0 	 0 	 0
1.37333e-06 	 -1.194 	 0 	 0 	 0
1.38e-06 	 -1.193 	 0 	 0 	 0
1.38667e-06 	 -1.192 	 0 	 0 	 0
1.39333e-06 	 -1.191 	 0 	 0 	 0
1.4e-06 	 -1.19 	 0 	 0 	 0
1.40667e-06 	 -1.189 	 0 	 0 	 0
1.41333e-06 	 -1.188 	 0 	 0 	 0
1.42e-06 	 -1.187 	 0 	 0 	 0
1.42667e-06 	 -1.186 	 0 	 0 	 0
1.43333e-06 	 -1.185 	 0 	 0 	 0
1.44e-06 	 -1.184 	 0 	 0 	 0
1.44667e-06 	 -1.183 	 0 	 0 	 0
1.45333e-06 	 -1.182 	 0 	 0 	 0
1.46e-06 	 -1.181 	 0 	 0 	 0
1.46667e-06 	 -1.18 	 0 	 0 	 0
1.47333e-06 	 -1.179 	 0 	 0 	 0
1.48e-06 	 -1.178 	 0 	 0 	 0
1.48667e-06 	 -1.177 	 0 	 0 	 0
1.49333e-06 	 -1.176 	 0 	 0 	 0
1.5e-06 	 -1.175 	 0 	 0 	 0
1.50667e-06 	 -1.174 	 0 	 0 	 0
1.51333e-06 	 -1.173 	 0 	 0 	 0
1.52e-06 	 -1.172 	 0 	 0 	 0
1.52667e-06 	 -1.171 	 0 	 0 	 0
1.53333e-06 	 -1.17 	 0 	 0 	 0
1.54e-06 	 -1.169 	 0 	 0 	 0
1.54667e-06 	 -1.168 	 0 	 0 	 0
1.55333e-06 	 -1.167 	 0 	 0 	 0
1.56e-06 	 -1.166 	 0 	 0 	 0
1.56667e-06 	 -1.165 	 0 	 0 	 0
1.57333e-06 	 -1.164 	 0 	 0 	 0
1.58e-06 	 -1.163 	 0 	 0 	 0
1.58667e-06 	 -1.162 	 0 	 0 	 0
1.59333e-06 	 -1.161 	 0 	 0 	 0
1.6e-06 	 -1.16 	 0 	 0 	 0
1.60667e-06 	 -1.159 	 0 	 0 	 0
1.61333e-06 	 -1.158 	 0 	 0 	 0
1.62e-06 	 -1.157 	 0 	 0 	 0
1.62667e-06 	 -1.156 	 0 	 0 	 0
1.63333e-06 	 -1.155 	 0 	 0 	 0
1.64e-06 	 -1.154 	 0 	 0 	 0
1.64667e-06 	 -1.153 	 0 	 0 	 0
1.65333e-06 	 -1.152 	 0 	 0 	 0
1.66e-06 	 -1.151 	 0 	 0 	 0
1.66667e-06 	 -1.15 	 0 	 0 	 0
1.67333e-06 	 -1.149 	 0 	 0 	 0
1.68e-06 	 -1.148 	 0 	 0 	 0
1.68667e-06 	 -1.147 	 0 	 0 	 0
1.69333e-06 	 -1.146 	 0 	 0 	 0
1.7e-06 	 -1.145 	 0 	 0 	 0
1.70667e-06 	 -1.144 	 0 	 0 	 0
1.71333e-06 	 -1.143 	 0 	 0 	 0
1.72e-06 	 -1.142 	 0 	 0 	 0
1.72667e-06 	 -1.141 	 0 	 0 	 0
1.73333e-06 	 -1.14 	 0 	 0 	 0
1.74e-06 	 -1.139 	 0 	 0 	 0
1.74667e-06 	 -1.138 	 0 	 0 	 0
1.75333e-06 	 -1.137 	 0 	 0 	 0
1.76e-06 	 -1.136 	 0 	 0 	 0
1.76667e-06 	 -1.135 	 0 	 0 	 0
1.77333e-06 	 -1.134 	 0 	 0 	 0
1.78e-06 	 -1.133 	 0 	 0 	 0
1.78667e-06 	 -1.132 	 0 	 0 	 0
1.79333e-06 	 -1.131 	 0 	 0 	 0
1.8e-06 	 -1.13 	 0 	 0 	 0
1.80667e-06 	 -1.129 	 0 	 0 	 0
1.81333e-06 	 -1.128 	 0 	 0 	 0
1.82e-06 	 -1.127 	 0 	 0 	 0
1.82667e-06 	 -1.126 	 0 	 0 	 0
1.83333e-06 	 -1.125 	 0 	 0 	 0
1.84e-06 	 -1.124 	 0 	 0 	 0
1.84667e-06 	 -1.123 	 0 	 0 	 0
1.85333e-06 	 -1.122 	 0 	 0 	 0
1.86e-06 	 -1.121 	 0 	 0 	 0
1.86667e-06 	 -1.12 	 0 	 0 	 0
1.87333e-06 	 -1.119 	 0 	 0 	 0
1.88e-06 	 -1.118 	 0 	 0 	 0
1.88667e-06 	 -1.117 	 0 	 0 	 0
1.89333e-06 	 -1.116 	 0 	 0 	 0
1.9e-06 	 -1.115 	 0 	 0 	 0
1.90667e-06 	 -1.114 	 0 	 0 	 0
1.91333e-06 	 -1.113 	 0 	 0 	 0
1.92e-06 	 -1.112 	 0 	 0 	 0
1.92667e-06 	 -1.111 	 0 	 0 	 0
1.93333e-06 	 -1.11 	 0 	 0 	 0
1.94e-06 	 -1.109 	 0 	 0 	 0
1.94667e-06 	 -1.108 	 0 	 0 	 0
1.95333e-06 	 -1.107 	 0 	 0 	 0
1.96e-06 	 -1.106 	 0 	 0 	 0
1.96667e-06 	 -1.105 	 0 	 0 	 0
1.97333e-06 	 -1.104 	 0 	 0 	 0
1.98e-06 	 -1.103 	 0 	 0 	 0
1.98667e-06 	 -1.102 	 0 	 0 	 0
1.99333e-06 	 -1.101 	 0 	 0 	 0
2e-06 	 -1.1 	 0 	 0 	 0
2.00667e-06 	 -1.099 	 0 	 0 	 0
2.01333e-06 	 -1.098 	 0 	 0 	 0
2.02e-06 	 -1.097 	 0 	 0 	 0
2.02667e-06 	 -1.096 	 0 	 0 	 0
2.03333e-06 	 -1.095 	 0 	 0 	 0
2.04e-06 	 -1.094 	 0 	 0 	 0
2.04667e-06 	 -1.093 	 0 	 0 	 0
2.05333e-06 	 -1.092 	 0 	 0 	 0
2.06e-06 	 -1.091 	 0 	 0 	 0
2.06667e-06 	 -1.09 	 0 	 0 	 0
2.07333e-06 	 -1.089 	 0 	 0 	 0
2.08e-06 	 -1.088 	 0 	 0 	 0
2.08667e-06 	 -1.087 	 0 	 0 	 0
2.09333e-06 	 -1.086 	 0 	 0 	 0
2.1e-06 	 -1.085 	 0 	 0 	 0
2.10667e-06 	 -1.084 	 0 	 0 	 0
2.11333e-06 	 -1.083 	 0 	 0 	 0
2.12e-06 	 -1.082 	 0 	 0 	 0
2.12667e-06 	 -1.081 	 0 	 0 	 0
2.13333e-06 	 -1.08 	 0 	 0 	 0
2.14e-06 	 -1.079 	 0 	 0 	 0
2.14667e-06 	 -1.078 	 0 	 0 	 0
2.15333e-06 	 -1.077 	 0 	 0 	 0
2.16e-06 	 -1.076 	 0 	 0 	 0
2.16667e-06 	 -1.075 	 0 	 0 	 0
2.17333e-06 	 -1.074 	 0 	 0 	 0
2.18e-06 	 -1.073 	 0 	 0 	 0
2.18667e-06 	 -1.072 	 0 	 0 	 0
2.19333e-06 	 -1.071 	 0 	 0 	 0
2.2e-06 	 -1.07 	 0 	 0 	 0
2.20667e-06 	 -1.069 	 0 	 0 	 0
2.21333e-06 	 -1.068 	 0 	 0 	 0
2.22e-06 	 -1.067 	 0 	 0 	 0
2.22667e-06 	 -1.066 	 0 	 0 	 0
2.23333e-06 	 -1.065 	 0 	 0 	 0
2.24e-06 	 -1.064 	 0 	 0 	 0
2.24667e-06 	 -1.063 	 0 	 0 	 0
2.25333e-06 	 -1.062 	 0 	 0 	 0
2.26e-06 	 -1.061 	 0 	 0 	 0
2.26667e-06 	 -1.06 	 0 	 0 	 0
2.27333e-06 	 -1.059 	 0 	 0 	 0
2.28e-06 	 -1.058 	 0 	 0 	 0
2.28667e-06 	 -1.057 	 0 	 0 	 0
2.29333e-06 	 -1.056 	 0 	 0 	 0
2.3e-06 	 -1.055 	 0 	 0 	 0
2.30667e-06 	 -1.054 	 0 	 0 	 0
2.31333e-06 	 -1.053 	 0 	 0 	 0
2.32e-06 	 -1.052 	 0 	 0 	 0
2.32667e-06 	 -1.051 	 0 	 0 	 0
2.33333e-06 	 -1.05 	 0 	 0 	 0
2.34e-06 	 -1.049 	 0 	 0 	 0
2.34667e-06 	 -1.048 	 0 	 0 	 0
2.35333e-06 	 -1.047 	 0 	 0 	 0
2.36e-06 	 -1.046 	 0 	 0 	 0
2.36667e-06 	 -1.045 	 0 	 0 	 0
2.37333e-06 	 -1.044 	 0 	 0 	 0
2.38e-06 	 -1.043 	 0 	 0 	 0
2.38667e-06 	 -1.042 	 0 	 0 	 0
2.39333e-06 	 -1.041 	 0 	 0 	 0
2.4e-06 	 -1.04 	 0 	 0 	 0
2.40667e-06 	 -1.039 	 0 	 0 	 0
2.41333e-06 	 -1.038 	 0 	 0 	 0
2.42e-06 	 -1.037 	 0 	 0 	 0
2.42667e-06 	 -1.036 	 0 	 0 	 0
2.43333e-06 	 -1.035 	 0 	 0 	 0
2.44e-06 	 -1.034 	 0 	 0 	 0
2.44667e-06 	 -1.033 	 0 	 0 	 0
2.45333e-06 	 -1.032 	 0 	 0 	 0
2.46e-06 	 -1.031 	 0 	 0 	 0
2.46667e-06 	 -1.03 	 0 	 0 	 0
2.47333e-06 	 -1.029 	 0 	 0 	 0
2.48e-06 	 -1.028 	 0 	 0 	 0
2.48667e-06 	 -1.027 	 0 	 0 	 0
2.49333e-06 	 -1.026 	 0 	 0 	 0
2.5e-06 	 -1.025 	 0 	 0 	 0
2.50667e-06 	 -1.024 	 0 	 0 	 0
2.51333e-06 	 -1.023 	 0 	 0 	 0
2.52e-06 	 -1.022 	 0 	 0 	 0
2.52667e-06 	 -1.021 	 0 	 0 	 0
2.53333e-06 	 -1.02 	 0 	 0 	 0
2.54e-06 	 -1.019 	 0 	 0 	 0
2.54667e-06 	 -1.018 	 0 	 0 	 0
2.55333e-06 	 -1.017 	 0 	 0 	 0
2.56e-06 	 -1.016 	 0 	 0 	 0
2.56667e-06 	 -1.015 	 0 	 0 	 0
2.57333e-06 	 -1.014 	 0 	 0 	 0
2.58e-06 	 -1.013 	 0 	 0 	 0
2.58667e-06 	 -1.012 	 0 	 0 	 0
2.59333e-06 	 -1.011 	 0 	 0 	 0
2.6e-06 	 -1.01 	 0 	 0 	 0
2.60667e-06 	 -1.009 	 0 	 0 	 0
2.61333e-06 	 -1.008 	 0 	 0 	 0
2.62e-06 	 -1.007 	 0 	 0 	 0
2.62667e-06 	 -1.006 	 0 	 0 	 0
2.63333e-06 	 -1.005 	 0 	 0 	 0
2.64e-06 	 -1.004 	 0 	 0 	 0
2.64667e-06 	 -1.003 	 0 	 0 	 0
2.65333e-06 	 -1.002 	 0 	 0 	 0
2.66e-06 	 -1.001 	 0 	 0 	 0
2.66667e-06 	 -1 	 0 	 0 	 0
2.67333e-06 	 -0.999 	 0 	 0 	 0
2.68e-06 	 -0.998 	 0 	 0 	 0
2.68667e-06 	 -0.997 	 0 	 0 	 0
2.69333e-06 	 -0.996 	 0 	 0 	 0
2.7e-06 	 -0.995 	 0 	 0 	 0
2.70667e-06 	 -0.994 	 0 	 0 	 0
2.71333e-06 	 -0.993 	 0 	 0 	 0
2.72e-06 	 -0.992 	 0 	 0 	 0
2.72667e-06 	 -0.991 	 0 	 0 	 0
2.73333e-06 	 -0.99 	 0 	 0 	 0
2.74e-06 	 -0.989 	 0 	 0 	 0
2.74667e-06 	 -0.988 	 0 	 0 	 0
2.75333e-06 	 -0.987 	 0 	 0 	 0
2.76e-06 	 -0.986 	 0 	 0 	 0
2.76667e-06 	 -0.985 	 0 	 0 	 0
2.77333e-06 	 -0.984 	 0 	 0 	 0
2.78e-06 	 -0.983 	 0 	 0 	 0
2.78667e-06 	 -0.982 	 0 	 0 	 0
2.79333e-06 	 -0.981 	 0 	 0 	 0
2.8e-06 	 -0.98 	 0 	 0 	 0
2.80667e-06 	 -0.979 	 0 	 0 	 0
2.81333e-06 	 -0.978 	 0 	 0 	 0
2.82e-06 	 -0.977 	 0 	 0 	 0
2.82667e-06 	 -0.976 	 0 	 0 	 0
2.83333e-06 	 -0.975 	 0 	 0 	 0
2.84e-06 	 -0.974 	 0 	 0 	 0
2.84667e-06 	 -0.973 	 0 	 0 	 0
2.85333e-06 	 -0.972 	 0 	 0 	 0
2.86e-06 	 -0.971 	 0 	 0 	 0
2.86667e-06 	 -0.97 	 0 	 0 	 0
2.87333e-06 	 -0.969 	 0 	 0 	 0
2.88e-06 	 -0.968 	 0 	 0 	 0
2.88667e-06 	 -0.967 	 0 	 0 	 0
2.89333e-06 	 -0.966 	 0 	 0 	 0
2.9e-06 	 -0.965 	 0 	 0 	 0
2.90667e-06 	 -0.964 	 0 	 0 	 0
2.91333e-06 	 -0.963 	 0 	 0 	 0
2.92e-06 	 -0.962 	 0 	 0 	 0
2.92667e-06 	 -0.961 	 0 	 0 	 0
2.93333e-06 	 -0.96 	 0 	 0 	 0
2.94e-06 	 -0.959 	 0 	 0 	 0
2.94667e-06 	 -0.958 	 0 	 0 	 0
2.95333e-06 	 -0.957 	 0 	 0 	 0
2.96e-06 	 -0.956 	 0 	 0 	 0
2.96667e-06 	 -0.955 	 0 	 0 	 0
2.97333e-06 	 -0.954 	 0 	 0 	 0
2.98e-06 	 -0.953 	 0 	 0 	 0
2.98667e-06 	 -0.952 	 0 	 0 	 0
2.99333e-06 	 -0.951 	 0 	 0 	 0
3e-06 	 -0.95 	 0 	 0 	 0
3.00667e-06 	 -0.949 	 0 	 0 	 0
3.01333e-06 	 -0.948 	 0 	 0 	 0
3.02e-06 	 -0.947 	 0 	 0 	 0
3.02667e-06 	 -0.946 	 0 	 0 	 0
3.03333e-06 	 -0.945 	 0 	 0 	 0
3.04e-06 	 -0.944 	 0 	 0 	 0
3.04667e-06 	 -0.943 	 0 	 0 	 0
3.05333e-06 	 -0.942 	 0 	 0 	 0
3.06e-06 	 -0.941 	 0 	 0 	 0
3.06667e-06 	 -0.94 	 0 	 0 	 0
3.07333e-06 	 -0.939 	 0 	 0 	 0
3.08e-06 	 -0.938 	 0 	 0 	 0
3.08667e-06 	 -0.937 	 0 	 0 	 0
3.09333e-06 	 -0.936 	 0 	 0 	 0
3.1e-06 	 -0.935 	 0 	 0 	 0
3.10667e-06 	 -0.934 	 0 	 0 	 0
3.11333e-06 	 -0.933 	 0 	 0 	 0
3.12e-06 	 -0.932 	 0 	 0 	 0
3.12667e-06 	 -0.931 	 0 	 0 	 0
3.13333e-06 	 -0.93 	 0 	 0 	 0
3.14e-06 	 -0.929 	 0 	 0 	 0
3.14667e-06 	 -0.928 	 0 	 0 	 0
3.15333e-06 	 -0.927 	 0 	 0 	 0
3.16e-06 	 -0.926 	 0 	 0 	 0
3.16667e-06 	 -0.925 	 0 	 0 	 0
3.17333e-06 	 -0.924 	 0 	 0 	 0
3.18e-06 	 -0.923 	 0 	 0 	 0
3.18667e-06 	 -0.922 	 0 	 0 	 0
3.19333e-06 	 -0.921 	 0 	 0 	 0
3.2e-06 	 -0.92 	 0 	 0 	 0
3.20667e-06 	 -0.919 	 0 	 0 	 0
3.21333e-06 	 -0.918 	 0 	 0 	 0
3.22e-06 	 -0.917 	 0 	 0 	 0
3.22667e-06 	 -0.916 	 0 	 0 	 0
3.23333e-06 	 -0.915 	 0 	 0 	 0
3.24e-06 	 -0.914 	 0 	 0 	 0
3.24667e-06 	 -0.913 	 0 	 0 	 0
3.25333e-06 	 -0.912 	 0 	 0 	 0
3.26e-06 	 -0.911 	 0 	 0 	 0
3.26667e-06 	 -0.91 	 0 	 0 	 0
3.27333e-06 	 -0.909 	 0 	 0 	 0
3.28e-06 	 -0.908 	 0 	 0 	 0
3.28667e-06 	 -0.907 	 0 	 0 	 0
3.29333e-06 	 -0.906 	 0 	 0 	 0
3.3e-06 	 -0.905 	 0 	 0 	 0
3.30667e-06 	 -0.904 	 0 	 0 	 0
3.31333e-06 	 -0.903 	 0 	 0 	 0
3.32e-06 	 -0.902 	 0 	 0 	 0
3.32667e-06 	 -0.901 	 0 	 0 	 0
3.33333e-06 	 -0.9 	 0 	 0 	 0
3.34e-06 	 -0.899 	 0 	 0 	 0
3.34667e-06 	 -0.898 	 0 	 0 	 0
3.35333e-06 	 -0.897 	 0 	 0 	 0
3.36e-06 	 -0.896 	 0 	 0 	 0
3.36667e-06 	 -0.895 	 0 	 0 	 0
3.37333e-06 	 -0.894 	 0 	 0 	 0
3.38e-06 	 -0.893 	 0 	 0 	 0
3.38667e-06 	 -0.892 	 0 	 0 	 0
3.39333e-06 	 -0.891 	 0 	 0 	 0
3.4e-06 	 -0.89 	 0 	 0 	 0
3.40667e-06 	 -0.889 	 0 	 0 	 0
3.41333e-06 	 -0.888 	 0 	 0 	 0
3.42e-06 	 -0.887 	 0 	 0 	 0
3.42667e-06 	 -0.886 	 0 	 0 	 0
3.43333e-06 	 -0.885 	 0 	 0 	 0
3.44e-06 	 -0.884 	 0 	 0 	 0
3.44667e-06 	 -0.883 	 0 	 0 	 0
3.45333e-06 	 -0.882 	 0 	 0 	 0
3.46e-06 	 -0.881 	 0 	 0 	 0
3.46667e-06 	 -0.88 	 0 	 0 	 0
3.47333e-06 	 -0.879 	 0 	 0 	 0
3.48e-06 	 -0.878 	 0 	 0 	 0
3.48667e-06 	 -0.877 	 0 	 0 	 0
3.49333e-06 	 -0.876 	 0 	 0 	 0
3.5e-06 	 -0.875 	 0 	 0 	 0
3.50667e-06 	 -0.874 	 0 	 0 	 0
3.51333e-06 	 -0.873 	 0 	 0 	 0
3.52e-06 	 -0.872 	 0 	 0 	 0
3.52667e-06 	 -0.871 	 0 	 0 	 0
3.53333e-06 	 -0.87 	 0 	 0 	 0
3.54e-06 	 -0.869 	 0 	 0 	 0
3.54667e-06 	 -0.868 	 0 	 0 	 0
3.55333e-06 	 -0.867 	 0 	 0 	 0
3.56e-06 	 -0.866 	 0 	 0 	 0
3.56667e-06 	 -0.865 	 0 	 0 	 0
3.57333e-06 	 -0.864 	 0 	 0 	 0
3.58e-06 	 -0.863 	 0 	 0 	 0
3.58667e-06 	 -0.862 	 0 	 0 	 0
3.59333e-06 	 -0.861 	 0 	 0 	 0
3.6e-06 	 -0.86 	 0 	 0 	 0
3.60667e-06 	 -0.859 	 0 	 0 	 0
3.61333e-06 	 -0.858 	 0 	 0 	 0
3.62e-06 	 -0.857 	 0 	 0 	 0
3.62667e-06 	 -0.856 	 0 	 0 	 0
3.63333e-06 	 -0.855 	 0 	 0 	 0
3.64e-06 	 -0.854 	 0 	 0 	 0
3.64667e-06 	 -0.853 	 0 	 0 	 0
3.65333e-06 	 -0.852 	 0 	 0 	 0
3.66e-06 	 -0.851 	 0 	 0 	 0
3.66667e-06 	 -0.85 	 0 	 0 	 0
3.67333e-06 	 -0.849 	 0 	 0 	 0
3.68e-06 	 -0.848 	 0 	 0 	 0
3.68667e-06 	 -0.847 	 0 	 0 	 0
3.69333e-06 	 -0.846 	 0 	 0 	 0
3.7e-06 	 -0.845 	 0 	 0 	 0
3.70667e-06 	 -0.844 	 0 	 0 	 0
3.71333e-06 	 -0.843 	 0 	 0 	 0
3.72e-06 	 -0.842 	 0 	 0 	 0
3.72667e-06 	 -0.841 	 0 	 0 	 0
3.73333e-06 	 -0.84 	 0 	 0 	 0
3.74e-06 	 -0.839 	 0 	 0 	 0
3.74667e-06 	 -0.838 	 0 	 0 	 0
3.75333e-06 	 -0.837 	 0 	 0 	 0
3.76e-06 	 -0.836 	 0 	 0 	 0
3.76667e-06 	 -0.835 	 0 	 0 	 0
3.77333e-06 	 -0.834 	 0 	 0 	 0
3.78e-06 	 -0.833 	 0 	 0 	 0
3.78667e-06 	 -0.832 	 0 	 0 	 0
3.79333e-06 	 -0.831 	 0 	 0 	 0
3.8e-06 	 -0.83 	 0 	 0 	 0
3.80667e-06 	 -0.829 	 0 	 0 	 0
3.81333e-06 	 -0.828 	 0 	 0 	 0
3.82e-06 	 -0.827 	 0 	 0 	 0
3.82667e-06 	 -0.826 	 0 	 0 	 0
3.83333e-06 	 -0.825 	 0 	 0 	 0
3.84e-06 	 -0.824 	 0 	 0 	 0
3.84667e-06 	 -0.823 	 0 	 0 	 0
3.85333e-06 	 -0.822 	 0 	 0 	 0
3.86e-06 	 -0.821 	 0 	 0 	 0
3.86667e-06 	 -0.82 	 0 	 0 	 0
3.87333e-06 	 -0.819 	 0 	 0 	 0
3.88e-06 	 -0.818 	 0 	 0 	 0
3.88667e-06 	 -0.817 	 0 	 0 	 0
3.89333e-06 	 -0.816 	 0 	 0 	 0
3.9e-06 	 -0.815 	 0 	 0 	 0
3.90667e-06 	 -0.814 	 0 	 0 	 0
3.91333e-06 	 -0.813 	 0 	 0 	 0
3.92e-06 	 -0.812 	 0 	 0 	 0
3.92667e-06 	 -0.811 	 0 	 0 	 0
3.93333e-06 	 -0.81 	 0 	 0 	 0
3.94e-06 	 -0.809 	 0 	 0 	 0
3.94667e-06 	 -0.808 	 0 	 0 	 0
3.95333e-06 	 -0.807 	 0 	 0 	 0
3.96e-06 	 -0.806 	 0 	 0 	 0
3.96667e-06 	 -0.805 	 0 	 0 	 0
3.97333e-06 	 -0.804 	 0 	 0 	 0
3.98e-06 	 -0.803 	 0 	 0 	 0
3.98667e-06 	 -0.802 	 0 	 0 	 0
3.99333e-06 	 -0.801 	 0 	 0 	 0
4e-06 	 -0.8 	 0 	 0 	 0
4.00667e-06 	 -0.799 	 0 	 0 	 0
4.01333e-06 	 -0.798 	 0 	 0 	 0
4.02e-06 	 -0.797 	 0 	 0 	 0
4.02667e-06 	 -0.796 	 0 	 0 	 0
4.03333e-06 	 -0.795 	 0 	 0 	 0
4.04e-06 	 -0.794 	 0 	 0 	 0
4.04667e-06 	 -0.793 	 0 	 0 	 0
4.05333e-06 	 -0.792 	 0 	 0 	 0
4.06e-06 	 -0.791 	 0 	 0 	 0
4.06667e-06 	 -0.79 	 0 	 0 	 0
4.07333e-06 	 -0.789 	 0 	 0 	 0
4.08e-06 	 -0.788 	 0 	 0 	 0
4.08667e-06 	 -0.787 	 0 	 0 	 0
4.09333e-06 	 -0.786 	 0 	 0 	 0
4.1e-06 	 -0.785 	 0 	 0 	 0
4.10667e-06 	 -0.784 	 0 	 0 	 0
4.11333e-06 	 -0.783 	 0 	 0 	 0
4.12e-06 	 -0.782 	 0 	 0 	 0
4.12667e-06 	 -0.781 	 0 	 0 	 0
4.13333e-06 	 -0.78 	 0 	 0 	 0
4.14e-06 	 -0.779 	 0 	 0 	 0
4.14667e-06 	 -0.778 	 0 	 0 	 0
4.15333e-06 	 -0.777 	 0 	 0 	 0
4.16e-06 	 -0.776 	 0 	 0 	 0
4.16667e-06 	 -0.775 	 0 	 0 	 0
4.17333e-06 	 -0.774 	 0 	 0 	 0
4.18e-06 	 -0.773 	 0 	 0 	 0
4.18667e-06 	 -0.772 	 0 	 0 	 0
4.19333e-06 	 -0.771 	 0 	 0 	 0
4.2e-06 	 -0.77 	 0 	 0 	 0
4.20667e-06 	 -0.769 	 0 	 0 	 0
4.21333e-06 	 -0.768 	 0 	 0 	 0
4.22e-06 	 -0.767 	 0 	 0 	 0
4.22667e-06 	 -0.766 	 0 	 0 	 0
4.23333e-06 	 -0.765 	 0 	 0 	 0
4.24e-06 	 -0.764 	 0 	 0 	 0
4.24667e-06 	 -0.763 	 0 	 0 	 0
4.25333e-06 	 -0.762 	 0 	 0 	 0
4.26e-06 	 -0.761 	 0 	 0 	 0
4.26667e-06 	 -0.76 	 0 	 0 	 0
4.27333e-06 	 -0.759 	 0 	 0 	 0
4.28e-06 	 -0.758 	 0 	 0 	 0
4.28667e-06 	 -0.757 	 0 	 0 	 0
4.29333e-06 	 -0.756 	 0 	 0 	 0
4.3e-06 	 -0.755 	 0 	 0 	 0
4.30667e-06 	 -0.754 	 0 	 0 	 0
4.31333e-06 	 -0.753 	 0 	 0 	 0
4.32e-06 	 -0.752 	 0 	 0 	 0
4.32667e-06 	 -0.751 	 0 	 0 	 0
4.33333e-06 	 -0.75 	 0 	 0 	 0
4.34e-06 	 -0.749 	 0 	 0 	 0
4.34667e-06 	 -0.748 	 0 	 0 	 0
4.35333e-06 	 -0.747 	 0 	 0 	 0
4.36e-06 	 -0.746 	 0 	 0 	 0
4.36667e-06 	 -0.745 	 0 	 0 	 0
4.37333e-06 	 -0.744 	 0 	 0 	 0
4.38e-06 	 -0.743 	 0 	 0 	 0
4.38667e-06 	 -0.742 	 0 	 0 	 0
4.39333e-06 	 -0.741 	 0 	 0 	 0
4.4e-06 	 -0.74 	 0 	 0 	 0
4.40667e-06 	 -0.739 	 0 	 0 	 0
4.41333e-06 	 -0.738 	 0 	 0 	 0
4.42e-06 	 -0.737 	 0 	 0 	 0
4.42667e-06 	 -0.736 	 0 	 0 	 0
4.43333e-06 	 -0.735 	 0 	 0 	 0
4.44e-06 	 -0.734 	 0 	 0 	 0
4.44667e-06 	 -0.733 	 0 	 0 	 0
4.45333e-06 	 -0.732 	 0 	 0 	 0
4.46e-06 	 -0.731 	 0 	 0 	 0
4.46667e-06 	 -0.73 	 0 	 0 	 0
4.47333e-06 	 -0.729 	 0 	 0 	 0
4.48e-06 	 -0.728 	 0 	 0 	 0
4.48667e-06 	 -0.727 	 0 	 0 	 0
4.49333e-06 	 -0.726 	 0 	 0 	 0
4.5e-06 	 -0.725 	 0 	 0 	 0
4.50667e-06 	 -0.724 	 0 	 0 	 0
4.51333e-06 	 -0.723 	 0 	 0 	 0
4.52e-06 	 -0.722 	 0 	 0 	 0
4.52667e-06 	 -0.721 	 0 	 0 	 0
4.53333e-06 	 -0.72 	 0 	 0 	 0
4.54e-06 	 -0.719 	 0 	 0 	 0
4.54667e-06 	 -0.718 	 0 	 0 	 0
4.55333e-06 	 -0.717 	 0 	 0 	 0
4.56e-06 	 -0.716 	 0 	 0 	 0
4.56667e-06 	 -0.715 	 0 	 0 	 0
4.57333e-06 	 -0.714 	 0 	 0 	 0
4.58e-06 	 -0.713 	 0 	 0 	 0
4.58667e-06 	 -0.712 	 0 	 0 	 0
4.59333e-06 	 -0.711 	 0 	 0 	 0
4.6e-06 	 -0.71 	 0 	 0 	 0
4.60667e-06 	 -0.709 	 0 	 0 	 0
4.61333e-06 	 -0.708 	 0 	 0 	 0
4.62e-06 	 -0.707 	 0 	 0 	 0
4.62667e-06 	 -0.706 	 0 	 0 	 0
4.63333e-06 	 -0.705 	 0 	 0 	 0
4.64e-06 	 -0.704 	 0 	 0 	 0
4.64667e-06 	 -0.703 	 0 	 0 	 0
4.65333e-06 	 -0.702 	 0 	 0 	 0
4.66e-06 	 -0.701 	 0 	 0 	 0
4.66667e-06 	 -0.7 	 0 	 0 	 0
4.67333e-06 	 -0.699 	 0 	 0 	 0
4.68e-06 	 -0.698 	 0 	 0 	 0
4.68667e-06 	 -0.697 	 0 	 0 	 0
4.69333e-06 	 -0.696 	 0 	 0 	 0
4.7e-06 	 -0.695 	 0 	 0 	 0
4.70667e-06 	 -0.694 	 0 	 0 	 0
4.71333e-06 	 -0.693 	 0 	 0 	 0
4.72e-06 	 -0.692 	 0 	 0 	 0
4.72667e-06 	 -0.691 	 0 	 0 	 0
4.73333e-06 	 -0.69 	 0 	 0 	 0
4.74e-06 	 -0.689 	 0 	 0 	 0
4.74667e-06 	 -0.688 	 0 	 0 	 0
4.75333e-06 	 -0.687 	 0 	 0 	 0
4.76e-06 	 -0.686 	 0 	 0 	 0
4.76667e-06 	 -0.685 	 0 	 0 	 0
4.77333e-06 	 -0.684 	 0 	 0 	 0
4.78e-06 	 -0.683 	 0 	 0 	 0
4.78667e-06 	 -0.682 	 0 	 0 	 0
4.79333e-06 	 -0.681 	 0 	 0 	 0
4.8e-06 	 -0.68 	 0 	 0 	 0
4.80667e-06 	 -0.679 	 0 	 0 	 0
4.81333e-06 	 -0.678 	 0 	 0 	 0
4.82e-06 	 -0.677 	 0 	 0 	 0
4.82667e-06 	 -0.676 	 0 	 0 	 0
4.83333e-06 	 -0.675 	 0 	 0 	 0
4.84e-06 	 -0.674 	 0 	 0 	 0
4.84667e-06 	 -0.673 	 0 	 0 	 0
4.85333e-06 	 -0.672 	 0 	 0 	 0
4.86e-06 	 -0.671 	 0 	 0 	 0
4.86667e-06 	 -0.67 	 0 	 0 	 0
4.87333e-06 	 -0.669 	 0 	 0 	 0
4.88e-06 	 -0.668 	 0 	 0 	 0
4.88667e-06 	 -0.667 	 0 	 0 	 0
4.89333e-06 	 -0.666 	 0 	 0 	 0
4.9e-06 	 -0.665 	 0 	 0 	 0
4.90667e-06 	 -0.664 	 0 	 0 	 0
4.91333e-06 	 -0.663 	 0 	 0 	 0
4.92e-06 	 -0.662 	 0 	 0 	 0
4.92667e-06 	 -0.661 	 0 	 0 	 0
4.93333e-06 	 -0.66 	 0 	 0 	 0
4.94e-06 	 -0.659 	 0 	 0 	 0
4.94667e-06 	 -0.658 	 0 	 0 	 0
4.95333e-06 	 -0.657 	 0 	 0 	 0
4.96e-06 	 -0.656 	 0 	 0 	 0
4.96667e-06 	 -0.655 	 0 	 0 	 0
4.97333e-06 	 -0.654 	 0 	 0 	 0
4.98e-06 	 -0.653 	 0 	 0 	 0
4.98667e-06 	 -0.652 	 0 	 0 	 0
4.99333e-06 	 -0.651 	 0 	 0 	 0
5e-06 	 -0.65 	 0 	 0 	 0
5.00667e-06 	 -0.649 	 0 	 0 	 0
5.01333e-06 	 -0.648 	 0 	 0 	 0
5.02e-06 	 -0.647 	 0 	 0 	 0
5.02667e-06 	 -0.646 	 0 	 0 	 0
5.03333e-06 	 -0.645 	 0 	 0 	 0
5.04e-06 	 -0.644 	 0 	 0 	 0
5.04667e-06 	 -0.643 	 0 	 0 	 0
5.05333e-06 	 -0.642 	 0 	 0 	 0
5.06e-06 	 -0.641 	 0 	 0 	 0
5.06667e-06 	 -0.64 	 0 	 0 	 0
5.07333e-06 	 -0.639 	 0 	 0 	 0
5.08e-06 	 -0.638 	 0 	 0 	 0
5.08667e-06 	 -0.637 	 0 	 0 	 0
5.09333e-06 	 -0.636 	 0 	 0 	 0
5.1e-06 	 -0.635 	 0 	 0 	 0
5.10667e-06 	 -0.634 	 0 	 0 	 0
5.11333e-06 	 -0.633 	 0 	 0 	 0
5.12e-06 	 -0.632 	 0 	 0 	 0
5.12667e-06 	 -0.631 	 0 	 0 	 0
5.13333e-06 	 -0.63 	 0 	 0 	 0
5.14e-06 	 -0.629 	 0 	 0 	 0
5.14667e-06 	 -0.628 	 0 	 0 	 0
5.15333e-06 	 -0.627 	 0 	 0 	 0
5.16e-06 	 -0.626 	 0 	 0 	 0
5.16667e-06 	 -0.625 	 0 	 0 	 0
5.17333e-06 	 -0.624 	 0 	 0 	 0
5.18e-06 	 -0.623 	 0 	 0 	 0
5.18667e-06 	 -0.622 	 0 	 0 	 0
5.19333e-06 	 -0.621 	 0 	 0 	 0
5.2e-06 	 -0.62 	 0 	 0 	 0
5.20667e-06 	 -0.619 	 0 	 0 	 0
5.21333e-06 	 -0.618 	 0 	 0 	 0
5.22e-06 	 -0.617 	 0 	 0 	 0
5.22667e-06 	 -0.616 	 0 	 0 	 0
5.23333e-06 	 -0.615 	 0 	 0 	 0
5.24e-06 	 -0.614 	 0 	 0 	 0
5.24667e-06 	 -0.613 	 0 	 0 	 0
5.25333e-06 	 -0.612 	 0 	 0 	 0
5.26e-06 	 -0.611 	 0 	 0 	 0
5.26667e-06 	 -0.61 	 0 	 0 	 0
5.27333e-06 	 -0.609 	 0 	 0 	 0
5.28e-06 	 -0.608 	 0 	 0 	 0
5.28667e-06 	 -0.607 	 0 	 0 	 0
5.29333e-06 	 -0.606 	 0 	 0 	 0
5.3e-06 	 -0.605 	 0 	 0 	 0
5.30667e-06 	 -0.604 	 0 	 0 	 0
5.31333e-06 	 -0.603 	 0 	 0 	 0
5.32e-06 	 -0.602 	 0 	 0 	 0
5.32667e-06 	 -0.601 	 0 	 0 	 0
5.33333e-06 	 -0.6 	 0 	 0 	 0
5.34e-06 	 -0.599 	 0 	 0 	 0
5.34667e-06 	 -0.598 	 0 	 0 	 0
5.35333e-06 	 -0.597 	 0 	 0 	 0
5.36e-06 	 -0.596 	 0 	 0 	 0
5.36667e-06 	 -0.595 	 0 	 0 	 0
5.37333e-06 	 -0.594 	 0 	 0 	 0
5.38e-06 	 -0.593 	 0 	 0 	 0
5.38667e-06 	 -0.592 	 0 	 0 	 0
5.39333e-06 	 -0.591 	 0 	 0 	 0
5.4e-06 	 -0.59 	 0 	 0 	 0
5.40667e-06 	 -0.589 	 0 	 0 	 0
5.41333e-06 	 -0.588 	 0 	 0 	 0
5.42e-06 	 -0.587 	 0 	 0 	 0
5.42667e-06 	 -0.586 	 0 	 0 	 0
5.43333e-06 	 -0.585 	 0 	 0 	 0
5.44e-06 	 -0.584 	 0 	 0 	 0
5.44667e-06 	 -0.583 	 0 	 0 	 0
5.45333e-06 	 -0.582 	 0 	 0 	 0
5.46e-06 	 -0.581 	 0 	 0 	 0
5.46667e-06 	 -0.58 	 0 	 0 	 0
5.47333e-06 	 -0.579 	 0 	 0 	 0
5.48e-06 	 -0.578 	 0 	 0 	 0
5.48667e-06 	 -0.577 	 0 	 0 	 0
5.49333e-06 	 -0.576 	 0 	 0 	 0
5.5e-06 	 -0.575 	 0 	 0 	 0
5.50667e-06 	 -0.574 	 0 	 0 	 0
5.51333e-06 	 -0.573 	 0 	 0 	 0
5.52e-06 	 -0.572 	 0 	 0 	 0
5.52667e-06 	 -0.571 	 0 	 0 	 0
5.53333e-06 	 -0.57 	 0 	 0 	 0
5.54e-06 	 -0.569 	 0 	 0 	 0
5.54667e-06 	 -0.568 	 0 	 0 	 0
5.55333e-06 	 -0.567 	 0 	 0 	 0
5.56e-06 	 -0.566 	 0 	 0 	 0
5.56667e-06 	 -0.565 	 0 	 0 	 0
5.57333e-06 	 -0.564 	 0 	 0 	 0
5.58e-06 	 -0.563 	 0 	 0 	 0
5.58667e-06 	 -0.562 	 0 	 0 	 0
5.59333e-06 	 -0.561 	 0 	 0 	 0
5.6e-06 	 -0.56 	 0 	 0 	 0
5.60667e-06 	 -0.559 	 0 	 0 	 0
5.61333e-06 	 -0.558 	 0 	 0 	 0
5.62e-06 	 -0.557 	 0 	 0 	 0
5.62667e-06 	 -0.556 	 0 	 0 	 0
5.63333e-06 	 -0.555 	 0 	 0 	 0
5.64e-06 	 -0.554 	 0 	 0 	 0
5.64667e-06 	 -0.553 	 0 	 0 	 0
5.65333e-06 	 -0.552 	 0 	 0 	 0
5.66e-06 	 -0.551 	 0 	 0 	 0
5.66667e-06 	 -0.55 	 0 	 0 	 0
5.67333e-06 	 -0.549 	 0 	 0 	 0
5.68e-06 	 -0.548 	 0 	 0 	 0
5.68667e-06 	 -0.547 	 0 	 0 	 0
5.69333e-06 	 -0.546 	 0 	 0 	 0
5.7e-06 	 -0.545 	 0 	 0 	 0
5.70667e-06 	 -0.544 	 0 	 0 	 0
5.71333e-06 	 -0.543 	 0 	 0 	 0
5.72e-06 	 -0.542 	 0 	 0 	 0
5.72667e-06 	 -0.541 	 0 	 0 	 0
5.73333e-06 	 -0.54 	 0 	 0 	 0
5.74e-06 	 -0.539 	 0 	 0 	 0
5.74667e-06 	 -0.538 	 0 	 0 	 0
5.75333e-06 	 -0.537 	 0 	 0 	 0
5.76e-06 	 -0.536 	 0 	 0 	 0
5.76667e-06 	 -0.535 	 0 	 0 	 0
5.77333e-06 	 -0.534 	 0 	 0 	 0
5.78e-06 	 -0.533 	 0 	 0 	 0
5.78667e-06 	 -0.532 	 0 	 0 	 0
5.79333e-06 	 -0.531 	 0 	 0 	 0
5.8e-06 	 -0.53 	 0 	 0 	 0
5.80667e-06 	 -0.529 	 0 	 0 	 0
5.81333e-06 	 -0.528 	 0 	 0 	 0
5.82e-06 	 -0.527 	 0 	 0 	 0
5.82667e-06 	 -0.526 	 0 	 0 	 0
5.83333e-06 	 -0.525 	 0 	 0 	 0
5.84e-06 	 -0.524 	 0 	 0 	 0
5.84667e-06 	 -0.523 	 0 	 0 	 0
5.85333e-06 	 -0.522 	 0 	 0 	 0
5.86e-06 	 -0.521 	 0 	 0 	 0
5.86667e-06 	 -0.52 	 0 	 0 	 0
5.87333e-06 	 -0.519 	 0 	 0 	 0
5.88e-06 	 -0.518 	 0 	 0 	 0
5.88667e-06 	 -0.517 	 0 	 0 	 0
5.89333e-06 	 -0.516 	 0 	 0 	 0
5.9e-06 	 -0.515 	 0 	 0 	 0
5.90667e-06 	 -0.514 	 0 	 0 	 0
5.91333e-06 	 -0.513 	 0 	 0 	 0
5.92e-06 	 -0.512 	 0 	 0 	 0
5.92667e-06 	 -0.511 	 0 	 0 	 0
5.93333e-06 	 -0.51 	 0 	 0 	 0
5.94e-06 	 -0.509 	 0 	 0 	 0
5.94667e-06 	 -0.508 	 0 	 0 	 0
5.95333e-06 	 -0.507 	 0 	 0 	 0
5.96e-06 	 -0.506 	 0 	 0 	 0
5.96667e-06 	 -0.505 	 0 	 0 	 0
5.97333e-06 	 -0.504 	 0 	 0 	 0
5.98e-06 	 -0.503 	 0 	 0 	 0
5.98667e-06 	 -0.502 	 0 	 0 	 0
5.99333e-06 	 -0.501 	 0 	 0 	 0
6e-06 	 -0.5 	 0 	 0 	 0
6.00667e-06 	 -0.499 	 0 	 0 	 0
6.01333e-06 	 -0.498 	 0 	 0 	 0
6.02e-06 	 -0.497 	 0 	 0 	 0
6.02667e-06 	 -0.496 	 0 	 0 	 0
6.03333e-06 	 -0.495 	 0 	 0 	 0
6.04e-06 	 -0.494 	 0 	 0 	 0
6.04667e-06 	 -0.493 	 0 	 0 	 0
6.05333e-06 	 -0.492 	 0 	 0 	 0
6.06e-06 	 -0.491 	 0 	 0 	 0
6.06667e-06 	 -0.49 	 0 	 0 	 0
6.07333e-06 	 -0.489 	 0 	 0 	 0
6.08e-06 	 -0.488 	 0 	 0 	 0
6.08667e-06 	 -0.487 	 0 	 0 	 0
6.09333e-06 	 -0.486 	 0 	 0 	 0
6.1e-06 	 -0.485 	 0 	 0 	 0
6.10667e-06 	 -0.484 	 0 	 0 	 0
6.11333e-06 	 -0.483 	 0 	 0 	 0
6.12e-06 	 -0.482 	 0 	 0 	 0
6.12667e-06 	 -0.481 	 0 	 0 	 0
6.13333e-06 	 -0.48 	 0 	 0 	 0
6.14e-06 	 -0.479 	 0 	 0 	 0
6.14667e-06 	 -0.478 	 0 	 0 	 0
6.15333e-06 	 -0.477 	 0 	 0 	 0
6.16e-06 	 -0.476 	 0 	 0 	 0
6.16667e-06 	 -0.475 	 0 	 0 	 0
6.17333e-06 	 -0.474 	 0 	 0 	 0
6.18e-06 	 -0.473 	 0 	 0 	 0
6.18667e-06 	 -0.472 	 0 	 0 	 0
6.19333e-06 	 -0.471 	 0 	 0 	 0
6.2e-06 	 -0.47 	 0 	 0 	 0
6.20667e-06 	 -0.469 	 0 	 0 	 0
6.21333e-06 	 -0.468 	 0 	 0 	 0
6.22e-06 	 -0.467 	 0 	 0 	 0
6.22667e-06 	 -0.466 	 0 	 0 	 0
6.23333e-06 	 -0.465 	 0 	 0 	 0
6.24e-06 	 -0.464 	 0 	 0 	 0
6.24667e-06 	 -0.463 	 0 	 0 	 0
6.25333e-06 	 -0.462 	 0 	 0 	 0
6.26e-06 	 -0.461 	 0 	 0 	 0
6.26667e-06 	 -0.46 	 0 	 0 	 0
6.27333e-06 	 -0.459 	 0 	 0 	 0
6.28e-06 	 -0.458 	 0 	 0 	 0
6.28667e-06 	 -0.457 	 0 	 0 	 0
6.29333e-06 	 -0.456 	 0 	 0 	 0
6.3e-06 	 -0.455 	 0 	 0 	 0
6.30667e-06 	 -0.454 	 0 	 0 	 0
6.31333e-06 	 -0.453 	 0 	 0 	 0
6.32e-06 	 -0.452 	 0 	 0 	 0
6.32667e-06 	 -0.451 	 0 	 0 	 0
6.33333e-06 	 -0.45 	 0 	 0 	 0
6.34e-06 	 -0.449 	 0 	 0 	 0
6.34667e-06 	 -0.448 	 0 	 0 	 0
6.35333e-06 	 -0.447 	 0 	 0 	 0
6.36e-06 	 -0.446 	 0 	 0 	 0
6.36667e-06 	 -0.445 	 0 	 0 	 0
6.37333e-06 	 -0.444 	 0 	 0 	 0
6.38e-06 	 -0.443 	 0 	 0 	 0
6.38667e-06 	 -0.442 	 0 	 0 	 0
6.39333e-06 	 -0.441 	 0 	 0 	 0
6.4e-06 	 -0.44 	 0 	 0 	 0
6.40667e-06 	 -0.439 	 0 	 0 	 0
6.41333e-06 	 -0.438 	 0 	 0 	 0
6.42e-06 	 -0.437 	 0 	 0 	 0
6.42667e-06 	 -0.436 	 0 	 0 	 0
6.43333e-06 	 -0.435 	 0 	 0 	 0
6.44e-06 	 -0.434 	 0 	 0 	 0
6.44667e-06 	 -0.433 	 0 	 0 	 0
6.45333e-06 	 -0.432 	 0 	 0 	 0
6.46e-06 	 -0.431 	 0 	 0 	 0
6.46667e-06 	 -0.43 	 0 	 0 	 0
6.47333e-06 	 -0.429 	 0 	 0 	 0
6.48e-06 	 -0.428 	 0 	 0 	 0
6.48667e-06 	 -0.427 	 0 	 0 	 0
6.49333e-06 	 -0.426 	 0 	 0 	 0
6.5e-06 	 -0.425 	 0 	 0 	 0
6.50667e-06 	 -0.424 	 0 	 0 	 0
6.51333e-06 	 -0.423 	 0 	 0 	 0
6.52e-06 	 -0.422 	 0 	 0 	 0
6.52667e-06 	 -0.421 	 0 	 0 	 0
6.53333e-06 	 -0.42 	 0 	 0 	 0
6.54e-06 	 -0.419 	 0 	 0 	 0
6.54667e-06 	 -0.418 	 0 	 0 	 0
6.55333e-06 	 -0.417 	 0 	 0 	 0
6.56e-06 	 -0.416 	 0 	 0 	 0
6.56667e-06 	 -0.415 	 0 	 0 	 0
6.57333e-06 	 -0.414 	 0 	 0 	 0
6.58e-06 	 -0.413 	 0 	 0 	 0
6.58667e-06 	 -0.412 	 0 	 0 	 0
6.59333e-06 	 -0.411 	 0 	 0 	 0
6.6e-06 	 -0.41 	 0 	 0 	 0
6.60667e-06 	 -0.409 	 0 	 0 	 0
6.61333e-06 	 -0.408 	 0 	 0 	 0
6.62e-06 	 -0.407 	 0 	 0 	 0
6.62667e-06 	 -0.406 	 0 	 0 	 0
6.63333e-06 	 -0.405 	 0 	 0 	 0
6.64e-06 	 -0.404 	 0 	 0 	 0
6.64667e-06 	 -0.403 	 0 	 0 	 0
6.65333e-06 	 -0.402 	 0 	 0 	 0
6.66e-06 	 -0.401 	 0 	 0 	 0
6.66667e-06 	 -0.4 	 0 	 0 	 0
6.67333e-06 	 -0.399 	 0 	 0 	 0
6.68e-06 	 -0.398 	 0 	 0 	 0
6.68667e-06 	 -0.397 	 0 	 0 	 0
6.69333e-06 	 -0.396 	 0 	 0 	 0
6.7e-06 	 -0.395 	 0 	 0 	 0
6.70667e-06 	 -0.394 	 0 	 0 	 0
6.71333e-06 	 -0.393 	 0 	 0 	 0
6.72e-06 	 -0.392 	 0 	 0 	 0
6.72667e-06 	 -0.391 	 0 	 0 	 0
6.73333e-06 	 -0.39 	 0 	 0 	 0
6.74e-06 	 -0.389 	 0 	 0 	 0
6.74667e-06 	 -0.388 	 0 	 0 	 0
6.75333e-06 	 -0.387 	 0 	 0 	 0
6.76e-06 	 -0.386 	 0 	 0 	 0
6.76667e-06 	 -0.385 	 0 	 0 	 0
6.77333e-06 	 -0.384 	 0 	 0 	 0
6.78e-06 	 -0.383 	 0 	 0 	 0
6.78667e-06 	 -0.382 	 0 	 0 	 0
6.79333e-06 	 -0.381 	 0 	 0 	 0
6.8e-06 	 -0.38 	 0 	 0 	 0
6.80667e-06 	 -0.379 	 0 	 0 	 0
6.81333e-06 	 -0.378 	 0 	 0 	 0
6.82e-06 	 -0.377 	 0 	 0 	 0
6.82667e-06 	 -0.376 	 0 	 0 	 0
6.83333e-06 	 -0.375 	 0 	 0 	 0
6.84e-06 	 -0.374 	 0 	 0 	 0
6.84667e-06 	 -0.373 	 0 	 0 	 0
6.85333e-06 	 -0.372 	 0 	 0 	 0
6.86e-06 	 -0.371 	 0 	 0 	 0
6.86667e-06 	 -0.37 	 0 	 0 	 0
6.87333e-06 	 -0.369 	 0 	 0 	 0
6.88e-06 	 -0.368 	 0 	 0 	 0
6.88667e-06 	 -0.367 	 0 	 0 	 0
6.89333e-06 	 -0.366 	 0 	 0 	 0
6.9e-06 	 -0.365 	 0 	 0 	 0
6.90667e-06 	 -0.364 	 0 	 0 	 0
6.91333e-06 	 -0.363 	 0 	 0 	 0
6.92e-06 	 -0.362 	 0 	 0 	 0
6.92667e-06 	 -0.361 	 0 	 0 	 0
6.93333e-06 	 -0.36 	 0 	 0 	 0
6.94e-06 	 -0.359 	 0 	 0 	 0
6.94667e-06 	 -0.358 	 0 	 0 	 0
6.95333e-06 	 -0.357 	 0 	 0 	 0
6.96e-06 	 -0.356 	 0 	 0 	 0
6.96667e-06 	 -0.355 	 0 	 0 	 0
6.97333e-06 	 -0.354 	 0 	 0 	 0
6.98e-06 	 -0.353 	 0 	 0 	 0
6.98667e-06 	 -0.352 	 0 	 0 	 0
6.99333e-06 	 -0.351 	 0 	 0 	 0
7e-06 	 -0.35 	 0 	 0 	 0
7.00667e-06 	 -0.349 	 0 	 0 	 0
7.01333e-06 	 -0.348 	 0 	 0 	 0
7.02e-06 	 -0.347 	 0 	 0 	 0
7.02667e-06 	 -0.346 	 0 	 0 	 0
7.03333e-06 	 -0.345 	 0 	 0 	 0
7.04e-06 	 -0.344 	 0 	 0 	 0
7.04667e-06 	 -0.343 	 0 	 0 	 0
7.05333e-06 	 -0.342 	 0 	 0 	 0
7.06e-06 	 -0.341 	 0 	 0 	 0
7.06667e-06 	 -0.34 	 0 	 0 	 0
7.07333e-06 	 -0.339 	 0 	 0 	 0
7.08e-06 	 -0.338 	 0 	 0 	 0
7.08667e-06 	 -0.337 	 0 	 0 	 0
7.09333e-06 	 -0.336 	 0 	 0 	 0
7.1e-06 	 -0.335 	 0 	 0 	 0
7.10667e-06 	 -0.334 	 0 	 0 	 0
7.11333e-06 	 -0.333 	 0 	 0 	 0
7.12e-06 	 -0.332 	 0 	 0 	 0
7.12667e-06 	 -0.331 	 0 	 0 	 0
7.13333e-06 	 -0.33 	 0 	 0 	 0
7.14e-06 	 -0.329 	 0 	 0 	 0
7.14667e-06 	 -0.328 	 0 	 0 	 0
7.15333e-06 	 -0.327 	 0 	 0 	 0
7.16e-06 	 -0.326 	 0 	 0 	 0
7.16667e-06 	 -0.325 	 0 	 0 	 0
7.17333e-06 	 -0.324 	 0 	 0 	 0
7.18e-06 	 -0.323 	 0 	 0 	 0
7.18667e-06 	 -0.322 	 0 	 0 	 0
7.19333e-06 	 -0.321 	 0 	 0 	 0
7.2e-06 	 -0.32 	 0 	 0 	 0
7.20667e-06 	 -0.319 	 0 	 0 	 0
7.21333e-06 	 -0.318 	 0 	 0 	 0
7.22e-06 	 -0.317 	 0 	 0 	 0
7.22667e-06 	 -0.316 	 0 	 0 	 0
7.23333e-06 	 -0.315 	 0 	 0 	 0
7.24e-06 	 -0.314 	 0 	 0 	 0
7.24667e-06 	 -0.313 	 0 	 0 	 0
7.25333e-06 	 -0.312 	 0 	 0 	 0
7.26e-06 	 -0.311 	 0 	 0 	 0
7.26667e-06 	 -0.31 	 0 	 0 	 0
7.27333e-06 	 -0.309 	 0 	 0 	 0
7.28e-06 	 -0.308 	 0 	 0 	 0
7.28667e-06 	 -0.307 	 0 	 0 	 0
7.29333e-06 	 -0.306 	 0 	 0 	 0
7.3e-06 	 -0.305 	 0 	 0 	 0
7.30667e-06 	 -0.304 	 0 	 0 	 0
7.31333e-06 	 -0.303 	 0 	 0 	 0
7.32e-06 	 -0.302 	 0 	 0 	 0
7.32667e-06 	 -0.301 	 0 	 0 	 0
7.33333e-06 	 -0.3 	 0 	 0 	 0
7.34e-06 	 -0.299 	 0 	 0 	 0
7.34667e-06 	 -0.298 	 0 	 0 	 0
7.35333e-06 	 -0.297 	 0 	 0 	 0
7.36e-06 	 -0.296 	 0 	 0 	 0
7.36667e-06 	 -0.295 	 0 	 0 	 0
7.37333e-06 	 -0.294 	 0 	 0 	 0
7.38e-06 	 -0.293 	 0 	 0 	 0
7.38667e-06 	 -0.292 	 0 	 0 	 0
7.39333e-06 	 -0.291 	 0 	 0 	 0
7.4e-06 	 -0.29 	 0 	 0 	 0
7.40667e-06 	 -0.289 	 0 	 0 	 0
7.41333e-06 	 -0.288 	 0 	 0 	 0
7.42e-06 	 -0.287 	 0 	 0 	 0
7.42667e-06 	 -0.286 	 0 	 0 	 0
7.43333e-06 	 -0.285 	 0 	 0 	 0
7.44e-06 	 -0.284 	 0 	 0 	 0
7.44667e-06 	 -0.283 	 0 	 0 	 0
7.45333e-06 	 -0.282 	 0 	 0 	 0
7.46e-06 	 -0.281 	 0 	 0 	 0
7.46667e-06 	 -0.28 	 0 	 0 	 0
7.47333e-06 	 -0.279 	 0 	 0 	 0
7.48e-06 	 -0.278 	 0 	 0 	 0
7.48667e-06 	 -0.277 	 0 	 0 	 0
7.49333e-06 	 -0.276 	 0 	 0 	 0
7.5e-06 	 -0.275 	 0 	 0 	 0
7.50667e-06 	 -0.274 	 0 	 0 	 0
7.51333e-06 	 -0.273 	 0 	 0 	 0
7.52e-06 	 -0.272 	 0 	 0 	 0
7.52667e-06 	 -0.271 	 0 	 0 	 0
7.53333e-06 	 -0.27 	 0 	 0 	 0
7.54e-06 	 -0.269 	 0 	 0 	 0
7.54667e-06 	 -0.268 	 0 	 0 	 0
7.55333e-06 	 -0.267 	 0 	 0 	 0
7.56e-06 	 -0.266 	 0 	 0 	 0
7.56667e-06 	 -0.265 	 0 	 0 	 0
7.57333e-06 	 -0.264 	 0 	 0 	 0
7.58e-06 	 -0.263 	 0 	 0 	 0
7.58667e-06 	 -0.262 	 0 	 0 	 0
7.59333e-06 	 -0.261 	 0 	 0 	 0
7.6e-06 	 -0.26 	 0 	 0 	 0
7.60667e-06 	 -0.259 	 0 	 0 	 0
7.61333e-06 	 -0.258 	 0 	 0 	 0
7.62e-06 	 -0.257 	 0 	 0 	 0
7.62667e-06 	 -0.256 	 0 	 0 	 0
7.63333e-06 	 -0.255 	 0 	 0 	 0
7.64e-06 	 -0.254 	 0 	 0 	 0
7.64667e-06 	 -0.253 	 0 	 0 	 0
7.65333e-06 	 -0.252 	 0 	 0 	 0
7.66e-06 	 -0.251 	 0 	 0 	 0
7.66667e-06 	 -0.25 	 0 	 0 	 0
7.67333e-06 	 -0.249 	 0 	 0 	 0
7.68e-06 	 -0.248 	 0 	 0 	 0
7.68667e-06 	 -0.247 	 0 	 0 	 0
7.69333e-06 	 -0.246 	 0 	 0 	 0
7.7e-06 	 -0.245 	 0 	 0 	 0
7.70667e-06 	 -0.244 	 0 	 0 	 0
7.71333e-06 	 -0.243 	 0 	 0 	 0
7.72e-06 	 -0.242 	 0 	 0 	 0
7.72667e-06 	 -0.241 	 0 	 0 	 0
7.73333e-06 	 -0.24 	 0 	 0 	 0
7.74e-06 	 -0.239 	 0 	 0 	 0
7.74667e-06 	 -0.238 	 0 	 0 	 0
7.75333e-06 	 -0.237 	 0 	 0 	 0
7.76e-06 	 -0.236 	 0 	 0 	 0
7.76667e-06 	 -0.235 	 0 	 0 	 0
7.77333e-06 	 -0.234 	 0 	 0 	 0
7.78e-06 	 -0.233 	 0 	 0 	 0
7.78667e-06 	 -0.232 	 0 	 0 	 0
7.79333e-06 	 -0.231 	 0 	 0 	 0
7.8e-06 	 -0.23 	 0 	 0 	 0
7.80667e-06 	 -0.229 	 0 	 0 	 0
7.81333e-06 	 -0.228 	 0 	 0 	 0
7.82e-06 	 -0.227 	 0 	 0 	 0
7.82667e-06 	 -0.226 	 0 	 0 	 0
7.83333e-06 	 -0.225 	 0 	 0 	 0
7.84e-06 	 -0.224 	 0 	 0 	 0
7.84667e-06 	 -0.223 	 0 	 0 	 0
7.85333e-06 	 -0.222 	 0 	 0 	 0
7.86e-06 	 -0.221 	 0 	 0 	 0
7.86667e-06 	 -0.22 	 0 	 0 	 0
7.87333e-06 	 -0.219 	 0 	 0 	 0
7.88e-06 	 -0.218 	 0 	 0 	 0
7.88667e-06 	 -0.217 	 0 	 0 	 0
7.89333e-06 	 -0.216 	 0 	 0 	 0
7.9e-06 	 -0.215 	 0 	 0 	 0
7.90667e-06 	 -0.214 	 0 	 0 	 0
7.91333e-06 	 -0.213 	 0 	 0 	 0
7.92e-06 	 -0.212 	 0 	 0 	 0
7.92667e-06 	 -0.211 	 0 	 0 	 0
7.93333e-06 	 -0.21 	 0 	 0 	 0
7.94e-06 	 -0.209 	 0 	 0 	 0
7.94667e-06 	 -0.208 	 0 	 0 	 0
7.95333e-06 	 -0.207 	 0 	 0 	 0
7.96e-06 	 -0.206 	 0 	 0 	 0
7.96667e-06 	 -0.205 	 0 	 0 	 0
7.97333e-06 	 -0.204 	 0 	 0 	 0
7.98e-06 	 -0.203 	 0 	 0 	 0
7.98667e-06 	 -0.202 	 0 	 0 	 0
7.99333e-06 	 -0.201 	 0 	 0 	 0
8e-06 	 -0.2 	 0 	 0 	 0
8.00667e-06 	 -0.199 	 0 	 0 	 0
8.01333e-06 	 -0.198 	 0 	 0 	 0
8.02e-06 	 -0.197 	 0 	 0 	 0
8.02667e-06 	 -0.196 	 0 	 0 	 0
8.03333e-06 	 -0.195 	 0 	 0 	 0
8.04e-06 	 -0.194 	 0 	 0 	 0
8.04667e-06 	 -0.193 	 0 	 0 	 0
8.05333e-06 	 -0.192 	 0 	 0 	 0
8.06e-06 	 -0.191 	 0 	 0 	 0
8.06667e-06 	 -0.19 	 0 	 0 	 0
8.07333e-06 	 -0.189 	 0 	 0 	 0
8.08e-06 	 -0.188 	 0 	 0 	 0
8.08667e-06 	 -0.187 	 0 	 0 	 0
8.09333e-06 	 -0.186 	 0 	 0 	 0
8.1e-06 	 -0.185 	 0 	 0 	 0
8.10667e-06 	 -0.184 	 0 	 0 	 0
8.11333e-06 	 -0.183 	 0 	 0 	 0
8.12e-06 	 -0.182 	 0 	 0 	 0
8.12667e-06 	 -0.181 	 0 	 0 	 0
8.13333e-06 	 -0.18 	 0 	 0 	 0
8.14e-06 	 -0.179 	 0 	 0 	 0
8.14667e-06 	 -0.178 	 0 	 0 	 0
8.15333e-06 	 -0.177 	 0 	 0 	 0
8.16e-06 	 -0.176 	 0 	 0 	 0
8.16667e-06 	 -0.175 	 0 	 0 	 0
8.17333e-06 	 -0.174 	 0 	 0 	 0
8.18e-06 	 -0.173 	 0 	 0 	 0
8.18667e-06 	 -0.172 	 0 	 0 	 0
8.19333e-06 	 -0.171 	 0 	 0 	 0
8.2e-06 	 -0.17 	 0 	 0 	 0
8.20667e-06 	 -0.169 	 0 	 0 	 0
8.21333e-06 	 -0.168 	 0 	 0 	 0
8.22e-06 	 -0.167 	 0 	 0 	 0
8.22667e-06 	 -0.166 	 0 	 0 	 0
8.23333e-06 	 -0.165 	 0 	 0 	 0
8.24e-06 	 -0.164 	 0 	 0 	 0
8.24667e-06 	 -0.163 	 0 	 0 	 0
8.25333e-06 	 -0.162 	 0 	 0 	 0
8.26e-06 	 -0.161 	 0 	 0 	 0
8.26667e-06 	 -0.16 	 0 	 0 	 0
8.27333e-06 	 -0.159 	 0 	 0 	 0
8.28e-06 	 -0.158 	 0 	 0 	 0
8.28667e-06 	 -0.157 	 0 	 0 	 0
8.29333e-06 	 -0.156 	 0 	 0 	 0
8.3e-06 	 -0.155 	 0 	 0 	 0
8.30667e-06 	 -0.154 	 0 	 0 	 0
8.31333e-06 	 -0.153 	 0 	 0 	 0
8.32e-06 	 -0.152 	 0 	 0 	 0
8.32667e-06 	 -0.151 	 0 	 0 	 0
8.33333e-06 	 -0.15 	 0 	 0 	 0
8.34e-06 	 -0.149 	 0 	 0 	 0
8.34667e-06 	 -0.148 	 0 	 0 	 0
8.35333e-06 	 -0.147 	 0 	 0 	 0
8.36e-06 	 -0.146 	 0 	 0 	 0
8.36667e-06 	 -0.145 	 0 	 0 	 0
8.37333e-06 	 -0.144 	 0 	 0 	 0
8.38e-06 	 -0.143 	 0 	 0 	 0
8.38667e-06 	 -0.142 	 0 	 0 	 0
8.39333e-06 	 -0.141 	 0 	 0 	 0
8.4e-06 	 -0.14 	 0 	 0 	 0
8.40667e-06 	 -0.139 	 0 	 0 	 0
8.41333e-06 	 -0.138 	 0 	 0 	 0
8.42e-06 	 -0.137 	 0 	 0 	 0
8.42667e-06 	 -0.136 	 0 	 0 	 0
8.43333e-06 	 -0.135 	 0 	 0 	 0
8.44e-06 	 -0.134 	 0 	 0 	 0
8.44667e-06 	 -0.133 	 0 	 0 	 0
8.45333e-06 	 -0.132 	 0 	 0 	 0
8.46e-06 	 -0.131 	 0 	 0 	 0
8.46667e-06 	 -0.13 	 0 	 0 	 0
8.47333e-06 	 -0.129 	 0 	 0 	 0
8.48e-06 	 -0.128 	 0 	 0 	 0
8.48667e-06 	 -0.127 	 0 	 0 	 0
8.49333e-06 	 -0.126 	 0 	 0 	 0
8.5e-06 	 -0.125 	 0 	 0 	 0
8.50667e-06 	 -0.124 	 0 	 0 	 0
8.51333e-06 	 -0.123 	 0 	 0 	 0
8.52e-06 	 -0.122 	 0 	 0 	 0
8.52667e-06 	 -0.121 	 0 	 0 	 0
8.53333e-06 	 -0.12 	 0 	 0 	 0
8.54e-06 	 -0.119 	 0 	 0 	 0
8.54667e-06 	 -0.118 	 0 	 0 	 0
8.55333e-06 	 -0.117 	 0 	 0 	 0
8.56e-06 	 -0.116 	 0 	 0 	 0
8.56667e-06 	 -0.115 	 0 	 0 	 0
8.57333e-06 	 -0.114 	 0 	 0 	 0
8.58e-06 	 -0.113 	 0 	 0 	 0
8.58667e-06 	 -0.112 	 0 	 0 	 0
8.59333e-06 	 -0.111 	 0 	 0 	 0
8.6e-06 	 -0.11 	 0 	 0 	 0
8.60667e-06 	 -0.109 	 0 	 0 	 0
8.61333e-06 	 -0.108 	 0 	 0 	 0
8.62e-06 	 -0.107 	 0 	 0 	 0
8.62667e-06 	 -0.106 	 0 	 0 	 0
8.63333e-06 	 -0.105 	 0 	 0 	 0
8.64e-06 	 -0.104 	 0 	 0 	 0
8.64667e-06 	 -0.103 	 0 	 0 	 0
8.65333e-06 	 -0.102 	 0 	 0 	 0
8.66e-06 	 -0.101 	 0 	 0 	 0
8.66667e-06 	 -0.1 	 0 	 0 	 0
8.67333e-06 	 -0.099 	 0 	 0 	 0
8.68e-06 	 -0.098 	 0 	 0 	 0
8.68667e-06 	 -0.097 	 0 	 0 	 0
8.69333e-06 	 -0.096 	 0 	 0 	 0
8.7e-06 	 -0.095 	 0 	 0 	 0
8.70667e-06 	 -0.094 	 0 	 0 	 0
8.71333e-06 	 -0.093 	 0 	 0 	 0
8.72e-06 	 -0.092 	 0 	 0 	 0
8.72667e-06 	 -0.091 	 0 	 0 	 0
8.73333e-06 	 -0.09 	 0 	 0 	 0
8.74e-06 	 -0.089 	 0 	 0 	 0
8.74667e-06 	 -0.088 	 0 	 0 	 0
8.75333e-06 	 -0.087 	 0 	 0 	 0
8.76e-06 	 -0.086 	 0 	 0 	 0
8.76667e-06 	 -0.085 	 0 	 0 	 0
8.77333e-06 	 -0.084 	 0 	 0 	 0
8.78e-06 	 -0.083 	 0 	 0 	 0
8.78667e-06 	 -0.082 	 0 	 0 	 0
8.79333e-06 	 -0.081 	 0 	 0 	 0
8.8e-06 	 -0.08 	 0 	 0 	 0
8.80667e-06 	 -0.079 	 0 	 0 	 0
8.81333e-06 	 -0.078 	 0 	 0 	 0
8.82e-06 	 -0.077 	 0 	 0 	 0
8.82667e-06 	 -0.076 	 0 	 0 	 0
8.83333e-06 	 -0.075 	 0 	 0 	 0
8.84e-06 	 -0.074 	 0 	 0 	 0
8.84667e-06 	 -0.073 	 0 	 0 	 0
8.85333e-06 	 -0.072 	 0 	 0 	 0
8.86e-06 	 -0.071 	 0 	 0 	 0
8.86667e-06 	 -0.07 	 0 	 0 	 0
8.87333e-06 	 -0.069 	 0 	 0 	 0
8.88e-06 	 -0.068 	 0 	 0 	 0
8.88667e-06 	 -0.067 	 0 	 0 	 0
8.89333e-06 	 -0.066 	 0 	 0 	 0
8.9e-06 	 -0.065 	 0 	 0 	 0
8.90667e-06 	 -0.064 	 0 	 0 	 0
8.91333e-06 	 -0.063 	 0 	 0 	 0
8.92e-06 	 -0.062 	 0 	 0 	 0
8.92667e-06 	 -0.061 	 0 	 0 	 0
8.93333e-06 	 -0.06 	 0 	 0 	 0
8.94e-06 	 -0.059 	 0 	 0 	 0
8.94667e-06 	 -0.058 	 0 	 0 	 0
8.95333e-06 	 -0.057 	 0 	 0 	 0
8.96e-06 	 -0.056 	 0 	 0 	 0
8.96667e-06 	 -0.055 	 0 	 0 	 0
8.97333e-06 	 -0.054 	 0 	 0 	 0
8.98e-06 	 -0.053 	 0 	 0 	 0
8.98667e-06 	 -0.052 	 0 	 0 	 0
8.99333e-06 	 -0.051 	 0 	 0 	 0
9e-06 	 -0.05 	 0 	 0 	 0
9.00667e-06 	 -0.049 	 0 	 0 	 0
9.01333e-06 	 -0.048 	 0 	 0 	 0
9.02e-06 	 -0.047 	 0 	 0 	 0
9.02667e-06 	 -0.046 	 0 	 0 	 0
9.03333e-06 	 -0.045 	 0 	 0 	 0
9.04e-06 	 -0.044 	 0 	 0 	 0
9.04667e-06 	 -0.043 	 0 	 0 	 0
9.05333e-06 	 -0.042 	 0 	 0 	 0
9.06e-06 	 -0.041 	 0 	 0 	 0
9.06667e-06 	 -0.04 	 0 	 0 	 0
9.07333e-06 	 -0.039 	 0 	 0 	 0
9.08e-06 	 -0.038 	 0 	 0 	 0
9.08667e-06 	 -0.037 	 0 	 0 	 0
9.09333e-06 	 -0.036 	 0 	 0 	 0
9.1e-06 	 -0.035 	 0 	 0 	 0
9.10667e-06 	 -0.034 	 0 	 0 	 0
9.11333e-06 	 -0.033 	 0 	 0 	 0
9.12e-06 	 -0.032 	 0 	 0 	 0
9.12667e-06 	 -0.031 	 0 	 0 	 0
9.13333e-06 	 -0.03 	 0 	 0 	 0
9.14e-06 	 -0.029 	 0 	 0 	 0
9.14667e-06 	 -0.028 	 0 	 0 	 0
9.15333e-06 	 -0.027 	 0 	 0 	 0
9.16e-06 	 -0.026 	 0 	 0 	 0
9.16667e-06 	 -0.025 	 0 	 0 	 0
9.17333e-06 	 -0.024 	 0 	 0 	 0
9.18e-06 	 -0.023 	 0 	 0 	 0
9.18667e-06 	 -0.022 	 0 	 0 	 0
9.19333e-06 	 -0.021 	 0 	 0 	 0
9.2e-06 	 -0.02 	 0 	 0 	 0
9.20667e-06 	 -0.019 	 0 	 0 	 0
9.21333e-06 	 -0.018 	 0 	 0 	 0
9.22e-06 	 -0.017 	 0 	 0 	 0
9.22667e-06 	 -0.016 	 0 	 0 	 0
9.23333e-06 	 -0.015 	 0 	 0 	 0
9.24e-06 	 -0.014 	 0 	 0 	 0
9.24667e-06 	 -0.013 	 0 	 0 	 0
9.25333e-06 	 -0.012 	 0 	 0 	 0
9.26e-06 	 -0.011 	 0 	 0 	 0
9.26667e-06 	 -0.01 	 0 	 0 	 0
9.27333e-06 	 -0.009 	 0 	 0 	 0
9.28e-06 	 -0.008 	 0 	 0 	 0
9.28667e-06 	 -0.007 	 0 	 0 	 0
9.29333e-06 	 -0.006 	 0 	 0 	 0
9.3e-06 	 -0.005 	 0 	 0 	 0
9.30667e-06 	 -0.004 	 0 	 0 	 0
9.31333e-06 	 -0.003 	 0 	 0.219815 	 0
9.32e-06 	 -0.002 	 0 	 0.658443 	 2.02236e-05
9.32667e-06 	 -0.001 	 0.00206672 	 1.09508 	 0.000101025
9.33333e-06 	 2.22045e-16 	 0.00206383 	 1.51452 	 0.000262354
9.34e-06 	 0.001 	 0.00206094 	 1.66643 	 0.000502444
9.34667e-06 	 0.002 	 0.00205805 	 1.53776 	 0.000795099
9.35333e-06 	 0.003 	 0.00205518 	 1.35276 	 0.00108989
9.36e-06 	 0.004 	 0.0020523 	 1.12643 	 0.00135583
9.36667e-06 	 0.005 	 0.00204943 	 0.894326 	 0.00158392
9.37333e-06 	 0.006 	 0.00204656 	 0.691066 	 0.00176983
9.38e-06 	 0.007 	 0.0020437 	 0.513739 	 0.00191569
9.38667e-06 	 0.008 	 0.00204084 	 0.371339 	 0.00202654
9.39333e-06 	 0.009 	 0.00203798 	 0.266485 	 0.00210797
9.4e-06 	 0.01 	 0.00203513 	 0.17839 	 0.00216665
9.40667e-06 	 0.011 	 0.00203229 	 0.117851 	 0.00220758
9.41333e-06 	 0.012 	 0.00202944 	 0.0757261 	 0.00223483
9.42e-06 	 0.013 	 0.0020266 	 0.0418868 	 0.00225264
9.42667e-06 	 0.014 	 0.00202377 	 0.02228 	 0.00226346
9.43333e-06 	 0.015 	 0.00202094 	 0.007337 	 0.00226937
9.44e-06 	 0.016 	 0.00201811 	 -0.00549165 	 0.00227209
9.44667e-06 	 0.017 	 0.00201529 	 -0.0124274 	 0.00227226
9.45333e-06 	 0.018 	 0.00201247 	 -0.0168888 	 0.00227061
9.46e-06 	 0.019 	 0.00200965 	 -0.0200784 	 0.00226792
9.46667e-06 	 0.02 	 0.00200684 	 -0.0228495 	 0.00226451
9.47333e-06 	 0.021 	 0.00200403 	 -0.0231828 	 0.00226057
9.48e-06 	 0.022 	 0.00200123 	 -0.0229837 	 0.00225633
9.48667e-06 	 0.023 	 0.00199843 	 -0.0249475 	 0.00225208
9.49333e-06 	 0.024 	 0.00199563 	 -0.0233866 	 0.00224767
9.5e-06 	 0.025 	 0.00199284 	 -0.0242231 	 0.00224323
9.50667e-06 	 0.026 	 0.00199005 	 -0.0272853 	 0.00223885
9.51333e-06 	 0.027 	 0.00198727 	 -0.0240688 	 0.00223411
9.52e-06 	 0.028 	 0.00198449 	 -0.0258083 	 0.00222938
9.52667e-06 	 0.029 	 0.00198171 	 -0.0284594 	 0.00222479
9.53333e-06 	 0.03 	 0.00197894 	 -0.0219899 	 0.0022198
9.54e-06 	 0.031 	 0.00197617 	 -0.026607 	 0.00221516
9.54667e-06 	 0.032 	 0.00197341 	 -0.0270208 	 0.00221069
9.55333e-06 	 0.033 	 0.00197065 	 -0.0216229 	 0.00220575
9.56e-06 	 0.034 	 0.00196789 	 -0.0263363 	 0.00220128
9.56667e-06 	 0.035 	 0.00196514 	 -0.0256214 	 0.00219687
9.57333e-06 	 0.036 	 0.00196239 	 -0.0245981 	 0.00219209
9.58e-06 	 0.037 	 0.00195964 	 -0.026254 	 0.00218747
9.58667e-06 	 0.038 	 0.0019569 	 -0.0257786 	 0.00218279
9.59333e-06 	 0.039 	 0.00195416 	 -0.0238067 	 0.002178
9.6e-06 	 0.04 	 0.00195143 	 -0.0245172 	 0.00217344
9.60667e-06 	 0.041 	 0.0019487 	 -0.0229194 	 0.00216899
9.61333e-06 	 0.042 	 0.00194597 	 -0.0252388 	 0.00216463
9.62e-06 	 0.043 	 0.00194325 	 -0.0265593 	 0.0021602
9.62667e-06 	 0.044 	 0.00194053 	 -0.0235939 	 0.00215543
9.63333e-06 	 0.045 	 0.00193782 	 -0.0262928 	 0.00215082
9.64e-06 	 0.046 	 0.0019351 	 -0.0210712 	 0.00214623
9.64667e-06 	 0.047 	 0.0019324 	 -0.0231927 	 0.00214187
9.65333e-06 	 0.048 	 0.00192969 	 -0.0271437 	 0.0021378
9.66e-06 	 0.049 	 0.00192699 	 -0.0224876 	 0.00213317
9.66667e-06 	 0.05 	 0.0019243 	 -0.0256789 	 0.0021286
9.67333e-06 	 0.051 	 0.00192161 	 -0.0248894 	 0.00212417
9.68e-06 	 0.052 	 0.00191892 	 -0.021788 	 0.00211952
9.68667e-06 	 0.053 	 0.00191623 	 -0.0259928 	 0.00211522
9.69333e-06 	 0.054 	 0.00191355 	 -0.0260112 	 0.00211083
9.7e-06 	 0.055 	 0.00191087 	 -0.0227789 	 0.00210604
9.70667e-06 	 0.056 	 0.0019082 	 -0.0243149 	 0.00210155
9.71333e-06 	 0.057 	 0.00190553 	 -0.0233592 	 0.00209722
9.72e-06 	 0.058 	 0.00190287 	 -0.0209047 	 0.00209283
9.72667e-06 	 0.059 	 0.0019002 	 -0.0242203 	 0.00208876
9.73333e-06 	 0.06 	 0.00189755 	 -0.0250726 	 0.00208461
9.74e-06 	 0.061 	 0.00189489 	 -0.022528 	 0.00208008
9.74667e-06 	 0.062 	 0.00189224 	 -0.0252518 	 0.0020757
9.75333e-06 	 0.063 	 0.00188959 	 -0.0244954 	 0.0020713
9.76e-06 	 0.064 	 0.00188695 	 -0.0210832 	 0.00206672
9.76667e-06 	 0.065 	 0.00188431 	 -0.0233358 	 0.00206253
9.77333e-06 	 0.066 	 0.00188167 	 -0.0239883 	 0.00205844
9.78e-06 	 0.067 	 0.00187904 	 -0.0224123 	 0.00205409
9.78667e-06 	 0.068 	 0.00187641 	 -0.0224277 	 0.00204982
9.79333e-06 	 0.069 	 0.00187379 	 -0.024243 	 0.0020457
9.8e-06 	 0.07 	 0.00187116 	 -0.023137 	 0.0020414
9.80667e-06 	 0.071 	 0.00186855 	 -0.0219004 	 0.00203704
9.81333e-06 	 0.072 	 0.00186593 	 -0.0249393 	 0.0020329
9.82e-06 	 0.073 	 0.00186332 	 -0.0233824 	 0.00202859
9.82667e-06 	 0.074 	 0.00186072 	 -0.022295 	 0.00202414
9.83333e-06 	 0.075 	 0.00185811 	 -0.0234962 	 0.00201994
9.84e-06 	 0.076 	 0.00185551 	 -0.0220878 	 0.00201573
9.84667e-06 	 0.077 	 0.00185292 	 -0.0224568 	 0.00201153
9.85333e-06 	 0.078 	 0.00185032 	 -0.0216877 	 0.00200744
9.86e-06 	 0.079 	 0.00184774 	 -0.0240342 	 0.00200337
9.86667e-06 	 0.08 	 0.00184515 	 -0.0229514 	 0.00199917
9.87333e-06 	 0.081 	 0.00184257 	 -0.020686 	 0.00199485
9.88e-06 	 0.082 	 0.00183999 	 -0.024117 	 0.00199083
9.88667e-06 	 0.083 	 0.00183742 	 -0.021838 	 0.00198671
9.89333e-06 	 0.084 	 0.00183485 	 -0.0220002 	 0.00198248
9.9e-06 	 0.085 	 0.00183228 	 -0.0238352 	 0.00197845
9.90667e-06 	 0.086 	 0.00182972 	 -0.0212498 	 0.00197423
9.91333e-06 	 0.087 	 0.00182716 	 -0.0207158 	 0.00197008
9.92e-06 	 0.088 	 0.0018246 	 -0.0227294 	 0.00196622
9.92667e-06 	 0.089 	 0.00182205 	 -0.0229337 	 0.00196222
9.93333e-06 	 0.09 	 0.0018195 	 -0.0218732 	 0.00195802
9.94e-06 	 0.091 	 0.00181695 	 -0.0229671 	 0.0019539
9.94667e-06 	 0.092 	 0.00181441 	 -0.0215404 	 0.00194978
9.95333e-06 	 0.093 	 0.00181187 	 -0.0216772 	 0.00194568
9.96e-06 	 0.094 	 0.00180934 	 -0.0232033 	 0.0019417
9.96667e-06 	 0.095 	 0.00180681 	 -0.0219175 	 0.00193758
9.97333e-06 	 0.096 	 0.00180428 	 -0.0207616 	 0.00193342
9.98e-06 	 0.097 	 0.00180175 	 -0.0208627 	 0.0019295
9.98667e-06 	 0.098 	 0.00179923 	 -0.0220539 	 0.00192567
9.99333e-06 	 0.099 	 0.00179672 	 -0.0217297 	 0.00192172
1e-05 	 0.1 	 0.0017942 	 -0.0205945 	 0.00191769
1.00067e-05 	 0.101 	 0.00179169 	 -0.0226229 	 0.0019138
1.00133e-05 	 0.102 	 0.00178919 	 -0.0222421 	 0.00190982
1.002e-05 	 0.103 	 0.00178668 	 -0.0200852 	 0.00190569
1.00267e-05 	 0.104 	 0.00178418 	 -0.0231631 	 0.0019018
1.00333e-05 	 0.105 	 0.00178169 	 -0.0207908 	 0.00189782
1.004e-05 	 0.106 	 0.0017792 	 -0.0191408 	 0.00189378
1.00467e-05 	 0.107 	 0.00177671 	 -0.0223988 	 0.0018901
1.00533e-05 	 0.108 	 0.00177422 	 -0.0210791 	 0.00188628
1.006e-05 	 0.109 	 0.00177174 	 -0.0205023 	 0.00188228
1.00667e-05 	 0.11 	 0.00176926 	 -0.0216014 	 0.00187846
1.00733e-05 	 0.111 	 0.00176678 	 -0.02217 	 0.00187458
1.008e-05 	 0.112 	 0.00176431 	 -0.0201641 	 0.00187056
1.00867e-05 	 0.113 	 0.00176184 	 -0.0222421 	 0.00186666
1.00933e-05 	 0.114 	 0.00175938 	 -0.0214061 	 0.00186276
1.01e-05 	 0.115 	 0.00175692 	 -0.0171895 	 0.00185874
1.01067e-05 	 0.116 	 0.00175446 	 -0.0221123 	 0.00185519
1.01133e-05 	 0.117 	 0.00175201 	 -0.020865 	 0.00185158
1.012e-05 	 0.118 	 0.00174955 	 -0.0196826 	 0.00184762
1.01267e-05 	 0.119 	 0.00174711 	 -0.0216622 	 0.00184389
1.01333e-05 	 0.12 	 0.00174466 	 -0.0213769 	 0.00184009
1.014e-05 	 0.121 	 0.00174222 	 -0.0203322 	 0.00183613
1.01467e-05 	 0.122 	 0.00173978 	 -0.0192886 	 0.00183229
1.01533e-05 	 0.123 	 0.00173735 	 -0.0218232 	 0.00182865
1.016e-05 	 0.124 	 0.00173492 	 -0.0201032 	 0.00182486
1.01667e-05 	 0.125 	 0.00173249 	 -0.0194713 	 0.00182101
1.01733e-05 	 0.126 	 0.00173007 	 -0.0215347 	 0.00181737
1.018e-05 	 0.127 	 0.00172765 	 -0.0207529 	 0.00181359
1.01867e-05 	 0.128 	 0.00172523 	 -0.0194965 	 0.0018097
1.01933e-05 	 0.129 	 0.00172282 	 -0.0202881 	 0.001806
1.02e-05 	 0.13 	 0.00172041 	 -0.0204023 	 0.00180234
1.02067e-05 	 0.131 	 0.001718 	 -0.0197055 	 0.00179859
1.02133e-05 	 0.132 	 0.0017156 	 -0.0201127 	 0.0017949
1.022e-05 	 0.133 	 0.0017132 	 -0.0202714 	 0.00179124
1.02267e-05 	 0.134 	 0.0017108 	 -0.0186757 	 0.00178753
1.02333e-05 	 0.135 	 0.00170841 	 -0.0196786 	 0.00178394
1.024e-05 	 0.136 	 0.00170602 	 -0.0215147 	 0.00178041
1.02467e-05 	 0.137 	 0.00170363 	 -0.0184257 	 0.00177662
1.02533e-05 	 0.138 	 0.00170125 	 -0.0208655 	 0.00177295
1.026e-05 	 0.139 	 0.00169887 	 -0.0197991 	 0.00176933
1.02667e-05 	 0.14 	 0.00169649 	 -0.017969 	 0.00176559
1.02733e-05 	 0.141 	 0.00169412 	 -0.0214467 	 0.00176212
1.028e-05 	 0.142 	 0.00169175 	 -0.0197177 	 0.00175849
1.02867e-05 	 0.143 	 0.00168938 	 -0.0203389 	 0.00175471
1.02933e-05 	 0.144 	 0.00168702 	 -0.0186359 	 0.00175102
1.03e-05 	 0.145 	 0.00168466 	 -0.0186839 	 0.00174743
1.03067e-05 	 0.146 	 0.0016823 	 -0.0212543 	 0.001744
1.03133e-05 	 0.147 	 0.00167995 	 -0.0184569 	 0.00174033
1.032e-05 	 0.148 	 0.00167759 	 -0.0194416 	 0.00173667
1.03267e-05 	 0.149 	 0.00167525 	 -0.0203977 	 0.00173319
1.03333e-05 	 0.15 	 0.0016729 	 -0.0157071 	 0.00172952
1.034e-05 	 0.151 	 0.00167056 	 -0.0193027 	 0.0017262
1.03467e-05 	 0.152 	 0.00166823 	 -0.0218616 	 0.00172298
1.03533e-05 	 0.153 	 0.00166589 	 -0.0178619 	 0.00171919
1.036e-05 	 0.154 	 0.00166356 	 -0.0189331 	 0.00171554
1.03667e-05 	 0.155 	 0.00166123 	 -0.0185543 	 0.00171215
1.03733e-05 	 0.156 	 0.00165891 	 -0.0184868 	 0.0017087
1.038e-05 	 0.157 	 0.00165659 	 -0.0198009 	 0.00170529
1.03867e-05 	 0.158 	 0.00165427 	 -0.0206776 	 0.00170177
1.03933e-05 	 0.159 	 0.00165196 	 -0.0185703 	 0.00169805
1.04e-05 	 0.16 	 0.00164965 	 -0.0177047 	 0.00169444
1.04067e-05 	 0.161 	 0.00164734 	 -0.0179953 	 0.0016911
1.04133e-05 	 0.162 	 0.00164503 	 -0.0187242 	 0.00168781
1.042e-05 	 0.163 	 0.00164273 	 -0.0208982 	 0.00168444
1.04267e-05 	 0.164 	 0.00164043 	 -0.0183293 	 0.00168079
1.04333e-05 	 0.165 	 0.00163814 	 -0.01891 	 0.00167718
1.044e-05 	 0.166 	 0.00163585 	 -0.0177831 	 0.00167376
1.04467e-05 	 0.167 	 0.00163356 	 -0.0161772 	 0.00167038
1.04533e-05 	 0.168 	 0.00163127 	 -0.0203584 	 0.00166726
1.046e-05 	 0.169 	 0.00162899 	 -0.0178612 	 0.00166389
1.04667e-05 	 0.17 	 0.00162671 	 -0.0182496 	 0.00166038
1.04733e-05 	 0.171 	 0.00162444 	 -0.020414 	 0.00165706
1.048e-05 	 0.172 	 0.00162216 	 -0.0172512 	 0.0016535
1.04867e-05 	 0.173 	 0.00161989 	 -0.0185578 	 0.00165003
1.04933e-05 	 0.174 	 0.00161763 	 -0.0191542 	 0.00164674
1.05e-05 	 0.175 	 0.00161537 	 -0.017126 	 0.00164327
1.05067e-05 	 0.176 	 0.00161311 	 -0.017061 	 0.00163993
1.05133e-05 	 0.177 	 0.00161085 	 -0.0183016 	 0.00163679
1.052e-05 	 0.178 	 0.0016086 	 -0.0180437 	 0.00163353
1.05267e-05 	 0.179 	 0.00160634 	 -0.0178512 	 0.00163019
1.05333e-05 	 0.18 	 0.0016041 	 -0.018744 	 0.00162689
1.054e-05 	 0.181 	 0.00160185 	 -0.0199479 	 0.00162352
1.05467e-05 	 0.182 	 0.00159961 	 -0.0163882 	 0.00161996
1.05533e-05 	 0.183 	 0.00159737 	 -0.0164617 	 0.00161662
1.056e-05 	 0.184 	 0.00159514 	 -0.0182553 	 0.00161359
1.05667e-05 	 0.185 	 0.00159291 	 -0.0173396 	 0.0016104
1.05733e-05 	 0.186 	 0.00159068 	 -0.0189718 	 0.00160713
1.058e-05 	 0.187 	 0.00158845 	 -0.0176249 	 0.00160378
1.05867e-05 	 0.188 	 0.00158623 	 -0.0186333 	 0.00160042
1.05933e-05 	 0.189 	 0.00158401 	 -0.0157968 	 0.00159708
1.06e-05 	 0.19 	 0.0015818 	 -0.0169183 	 0.00159391
1.06067e-05 	 0.191 	 0.00157958 	 -0.0205498 	 0.0015909
1.06133e-05 	 0.192 	 0.00157737 	 -0.0154707 	 0.00158746
1.062e-05 	 0.193 	 0.00157517 	 -0.0168557 	 0.00158414
1.06267e-05 	 0.194 	 0.00157296 	 -0.0187656 	 0.00158117
1.06333e-05 	 0.195 	 0.00157076 	 -0.0157933 	 0.00157789
1.064e-05 	 0.196 	 0.00156856 	 -0.0180369 	 0.00157471
1.06467e-05 	 0.197 	 0.00156637 	 0.873157 	 0.0015716
1.06533e-05 	 0.198 	 0.00156418 	 2.652 	 0.00165027
1.066e-05 	 0.199 	 0.00996534 	 4.39155 	 0.0019746
1.06667e-05 	 0.2 	 0.00987606 	 5.98241 	 0.00262262
1.06733e-05 	 0.201 	 0.00978757 	 6.40449 	 0.00357705
1.068e-05 	 0.202 	 0.00969988 	 5.65675 	 0.00471668
1.06867e-05 	 0.203 	 0.00961297 	 4.66803 	 0.00582634
1.06933e-05 	 0.204 	 0.00952684 	 3.57527 	 0.00677625
1.07e-05 	 0.205 	 0.00944149 	 2.58781 	 0.00753465
1.07067e-05 	 0.206 	 0.0093569 	 1.74652 	 0.00810167
1.07133e-05 	 0.207 	 0.00927306 	 1.08504 	 0.00850044
1.072e-05 	 0.208 	 0.00918998 	 0.605535 	 0.00876095
1.07267e-05 	 0.209 	 0.00910764 	 0.253508 	 0.00891648
1.07333e-05 	 0.21 	 0.00902604 	 0.0167507 	 0.00899552
1.074e-05 	 0.211 	 0.00894517 	 -0.159307 	 0.00902038
1.07467e-05 	 0.212 	 0.00886502 	 -0.259565 	 0.00900727
1.07533e-05 	 0.213 	 0.0087856 	 -0.332903 	 0.00896873
1.076e-05 	 0.214 	 0.00870688 	 -0.382678 	 0.00891422
1.07667e-05 	 0.215 	 0.00862887 	 -0.395232 	 0.00884839
1.07733e-05 	 0.216 	 0.00855156 	 -0.431555 	 0.00877682
1.078e-05 	 0.217 	 0.00847494 	 -0.430639 	 0.00870075
1.07867e-05 	 0.218 	 0.00839901 	 -0.431154 	 0.00862143
1.07933e-05 	 0.219 	 0.00832376 	 -0.44522 	 0.00854214
1.08e-05 	 0.22 	 0.00824918 	 -0.430533 	 0.00846151
1.08067e-05 	 0.221 	 0.00817527 	 -0.431592 	 0.00838094
1.08133e-05 	 0.222 	 0.00810202 	 -0.430082 	 0.00830162
1.082e-05 	 0.223 	 0.00802943 	 -0.419454 	 0.00822234
1.08267e-05 	 0.224 	 0.00795749 	 -0.425275 	 0.00814419
1.08333e-05 	 0.225 	 0.00788619 	 -0.419762 	 0.00806647
1.084e-05 	 0.226 	 0.00781554 	 -0.413492 	 0.00798872
1.08467e-05 	 0.227 	 0.00774551 	 -0.40927 	 0.00791206
1.08533e-05 	 0.228 	 0.00767611 	 -0.40238 	 0.00783637
1.086e-05 	 0.229 	 0.00760734 	 -0.402924 	 0.00776169
1.08667e-05 	 0.23 	 0.00753918 	 -0.406406 	 0.0076876
1.08733e-05 	 0.231 	 0.00747163 	 -0.398428 	 0.00761314
1.088e-05 	 0.232 	 0.00740469 	 -0.385984 	 0.00753909
1.08867e-05 	 0.233 	 0.00733835 	 -0.385737 	 0.00746693
1.08933e-05 	 0.234 	 0.0072726 	 -0.380558 	 0.00739593
1.09e-05 	 0.235 	 0.00720744 	 -0.375548 	 0.00732543
1.09067e-05 	 0.236 	 0.00714286 	 -0.381263 	 0.00725586
1.09133e-05 	 0.237 	 0.00707886 	 -0.378282 	 0.00718623
1.092e-05 	 0.238 	 0.00701544 	 -0.364827 	 0.00711635
1.09267e-05 	 0.239 	 0.00695258 	 -0.369487 	 0.00704799
1.09333e-05 	 0.24 	 0.00689029 	 -0.35961 	 0.00698043
1.094e-05 	 0.241 	 0.00682856 	 -0.352317 	 0.00691335
1.09467e-05 	 0.242 	 0.00676738 	 -0.362454 	 0.00684785
1.09533e-05 	 0.243 	 0.00670674 	 -0.35214 	 0.00678209
1.096e-05 	 0.244 	 0.00664665 	 -0.350575 	 0.00671634
1.09667e-05 	 0.245 	 0.0065871 	 -0.344869 	 0.00665169
1.09733e-05 	 0.246 	 0.00652808 	 -0.332557 	 0.00658771
1.098e-05 	 0.247 	 0.0064696 	 -0.341546 	 0.00652539
1.09867e-05 	 0.248 	 0.00641163 	 -0.334626 	 0.00646337
1.09933e-05 	 0.249 	 0.00635418 	 -0.329998 	 0.00640116
1.1e-05 	 0.25 	 0.00629725 	 -0.331406 	 0.00634001
1.10067e-05 	 0.251 	 0.00624083 	 -0.32204 	 0.00627916
1.10133e-05 	 0.252 	 0.00618492 	 -0.322048 	 0.00621904
1.102e-05 	 0.253 	 0.0061295 	 -0.32294 	 0.00615978
1.10267e-05 	 0.254 	 0.00607458 	 -0.323727 	 0.00610044
1.10333e-05 	 0.255 	 0.00602016 	 -0.309699 	 0.00604095
1.104e-05 	 0.256 	 0.00596622 	 -0.304658 	 0.00598267
1.10467e-05 	 0.257 	 0.00591276 	 -0.307832 	 0.00592615
1.10533e-05 	 0.258 	 0.00585979 	 -0.298057 	 0.0058698
1.106e-05 	 0.259 	 0.00580729 	 -0.304219 	 0.00581405
1.10667e-05 	 0.26 	 0.00575526 	 -0.306723 	 0.00575864
1.10733e-05 	 0.261 	 0.00570369 	 -0.290986 	 0.00570244
1.108e-05 	 0.262 	 0.00565259 	 -0.291548 	 0.00564744
1.10867e-05 	 0.263 	 0.00560194 	 -0.288176 	 0.00559385
1.10933e-05 	 0.264 	 0.00555175 	 -0.283765 	 0.00554051
1.11e-05 	 0.265 	 0.00550201 	 -0.293833 	 0.00548789
1.11067e-05 	 0.266 	 0.00545271 	 -0.280778 	 0.00543475
1.11133e-05 	 0.267 	 0.00540386 	 -0.278904 	 0.00538189
1.112e-05 	 0.268 	 0.00535544 	 -0.274169 	 0.0053304
1.11267e-05 	 0.269 	 0.00530746 	 -0.263252 	 0.00527951
1.11333e-05 	 0.27 	 0.00525991 	 -0.27595 	 0.00523007
1.114e-05 	 0.271 	 0.00521278 	 -0.27 	 0.00518046
1.11467e-05 	 0.272 	 0.00516608 	 -0.266193 	 0.00513023
1.11533e-05 	 0.273 	 0.00511979 	 -0.265329 	 0.0050809
1.116e-05 	 0.274 	 0.00507392 	 -0.259365 	 0.005032
1.11667e-05 	 0.275 	 0.00502846 	 -0.257744 	 0.00498373
1.11733e-05 	 0.276 	 0.00498341 	 -0.254076 	 0.00493615
1.118e-05 	 0.277 	 0.00493876 	 -0.257846 	 0.00488906
1.11867e-05 	 0.278 	 0.00489451 	 -0.253309 	 0.00484196
1.11933e-05 	 0.279 	 0.00485065 	 -0.245321 	 0.00479494
1.12e-05 	 0.28 	 0.00480719 	 -0.247152 	 0.00474906
1.12067e-05 	 0.281 	 0.00476412 	 -0.238228 	 0.00470375
1.12133e-05 	 0.282 	 0.00472144 	 -0.237422 	 0.0046591
1.122e-05 	 0.283 	 0.00467914 	 -0.244654 	 0.00461534
1.12267e-05 	 0.284 	 0.00463721 	 -0.237137 	 0.00457098
1.12333e-05 	 0.285 	 0.00459567 	 -0.234695 	 0.00452666
1.124e-05 	 0.286 	 0.00455449 	 -0.230099 	 0.00448325
1.12467e-05 	 0.287 	 0.00451368 	 -0.22749 	 0.00444049
1.12533e-05 	 0.288 	 0.00447324 	 -0.228018 	 0.00439839
1.126e-05 	 0.289 	 0.00443316 	 -0.225619 	 0.00435648
1.12667e-05 	 0.29 	 0.00439344 	 -0.227913 	 0.00431474
1.12733e-05 	 0.291 	 0.00435408 	 -0.223067 	 0.00427302
1.128e-05 	 0.292 	 0.00431507 	 -0.663124 	 0.00423153
1.12867e-05 	 0.293 	 0.00427641 	 -1.56472 	 0.00414999
1.12933e-05 	 0.294 	 0 	 -2.43312 	 0.00394503
1.13e-05 	 0.295 	 0 	 -3.21482 	 0.00357722
1.13067e-05 	 0.296 	 0 	 -3.40813 	 0.00305759
1.13133e-05 	 0.297 	 0 	 -2.98369 	 0.00244826
1.132e-05 	 0.298 	 0 	 -2.44919 	 0.0018602
1.13267e-05 	 0.299 	 0 	 -1.88581 	 0.00136036
1.13333e-05 	 0.3 	 0 	 -1.38298 	 0.000961534
1.134e-05 	 0.301 	 0 	 -0.977592 	 0.000660797
1.13467e-05 	 0.302 	 0 	 -0.669609 	 0.000443619
1.13533e-05 	 0.303 	 0 	 -0.450269 	 0.000292072
1.136e-05 	 0.304 	 0 	 -0.295441 	 0.000189041
1.13667e-05 	 0.305 	 0 	 -0.190432 	 0.000120434
1.13733e-05 	 0.306 	 0 	 -0.12111 	 7.57321e-05
1.138e-05 	 0.307 	 0 	 -0.0759296 	 4.70695e-05
1.13867e-05 	 0.308 	 0 	 -0.0470589 	 2.89413e-05
1.13933e-05 	 0.309 	 0 	 -0.0289643 	 1.76261e-05
1.14e-05 	 0.31 	 0 	 -0.0175523 	 1.06318e-05
1.14067e-05 	 0.311 	 0 	 -0.0105442 	 6.35213e-06
1.14133e-05 	 0.312 	 0 	 -0.00632074 	 3.76719e-06
1.142e-05 	 0.313 	 0 	 -0.00375394 	 2.21557e-06
1.14267e-05 	 0.314 	 0 	 -0.0021961 	 1.28867e-06
1.14333e-05 	 0.315 	 0 	 -0.0012893 	 7.41254e-07
1.144e-05 	 0.316 	 0 	 -0.000750884 	 4.20589e-07
1.14467e-05 	 0.317 	 0 	 -0.000432534 	 2.32887e-07
1.14533e-05 	 0.318 	 0 	 -0.00024502 	 1.24009e-07
1.146e-05 	 0.319 	 0 	 -0.000128971 	 6.16726e-08
1.14667e-05 	 0.32 	 0 	 -5.98144e-05 	 2.72646e-08
1.14733e-05 	 0.321 	 0 	 -2.06024e-05 	 9.8959e-09
1.148e-05 	 0.322 	 0 	 -3.27104e-06 	 2.49736e-09
1.14867e-05 	 0.323 	 0 	 0 	 3.00944e-10
1.14933e-05 	 0.324 	 0 	 0 	 3.27229e-18
1.15e-05 	 0.325 	 0 	 0 	 3.27229e-18
# MSE  -1.4 1.60126549692e-07
