# (t) 	 (c tau) 	 (p0) 	 (pzD) 	 (p0FF)
0 	 -0.2 	 0 	 0 	 0
6.66667e-09 	 -0.199 	 0 	 0 	 0
1.33333e-08 	 -0.198 	 0 	 0 	 0
2e-08 	 -0.197 	 0 	 0 	 0
2.66667e-08 	 -0.196 	 0 	 0 	 0
3.33333e-08 	 -0.195 	 0 	 0 	 0
4e-08 	 -0.194 	 0 	 0 	 0
4.66667e-08 	 -0.193 	 0 	 0 	 0
5.33333e-08 	 -0.192 	 0 	 0 	 0
6e-08 	 -0.191 	 0 	 0 	 0
6.66667e-08 	 -0.19 	 0 	 0 	 0
7.33333e-08 	 -0.189 	 0 	 0 	 0
8e-08 	 -0.188 	 0 	 0 	 0
8.66667e-08 	 -0.187 	 0 	 0 	 0
9.33333e-08 	 -0.186 	 0 	 0 	 0
1e-07 	 -0.185 	 0 	 0 	 0
1.06667e-07 	 -0.184 	 0 	 0 	 0
1.13333e-07 	 -0.183 	 0 	 0 	 0
1.2e-07 	 -0.182 	 0 	 0 	 0
1.26667e-07 	 -0.181 	 0 	 0 	 0
1.33333e-07 	 -0.18 	 0 	 0 	 0
1.4e-07 	 -0.179 	 0 	 0 	 0
1.46667e-07 	 -0.178 	 0 	 0 	 0
1.53333e-07 	 -0.177 	 0 	 0 	 0
1.6e-07 	 -0.176 	 0 	 0 	 0
1.66667e-07 	 -0.175 	 0 	 0 	 0
1.73333e-07 	 -0.174 	 0 	 0 	 0
1.8e-07 	 -0.173 	 0 	 0 	 0
1.86667e-07 	 -0.172 	 0 	 0 	 0
1.93333e-07 	 -0.171 	 0 	 0 	 0
2e-07 	 -0.17 	 0 	 0 	 0
2.06667e-07 	 -0.169 	 0 	 0 	 0
2.13333e-07 	 -0.168 	 0 	 0 	 0
2.2e-07 	 -0.167 	 0 	 0 	 0
2.26667e-07 	 -0.166 	 0 	 0 	 0
2.33333e-07 	 -0.165 	 0 	 0 	 0
2.4e-07 	 -0.164 	 0 	 0 	 0
2.46667e-07 	 -0.163 	 0 	 0 	 0
2.53333e-07 	 -0.162 	 0 	 0 	 0
2.6e-07 	 -0.161 	 0 	 0 	 0
2.66667e-07 	 -0.16 	 0 	 0 	 0
2.73333e-07 	 -0.159 	 0 	 0 	 0
2.8e-07 	 -0.158 	 0 	 0 	 0
2.86667e-07 	 -0.157 	 0 	 0 	 0
2.93333e-07 	 -0.156 	 0 	 0 	 0
3e-07 	 -0.155 	 0 	 0 	 0
3.06667e-07 	 -0.154 	 0 	 0 	 0
3.13333e-07 	 -0.153 	 0 	 0 	 0
3.2e-07 	 -0.152 	 0 	 0 	 0
3.26667e-07 	 -0.151 	 0 	 0 	 0
3.33333e-07 	 -0.15 	 0 	 0 	 0
3.4e-07 	 -0.149 	 0 	 0 	 0
3.46667e-07 	 -0.148 	 0 	 0 	 0
3.53333e-07 	 -0.147 	 0 	 0 	 0
3.6e-07 	 -0.146 	 0 	 0 	 0
3.66667e-07 	 -0.145 	 0 	 0 	 0
3.73333e-07 	 -0.144 	 0 	 0 	 0
3.8e-07 	 -0.143 	 0 	 0 	 0
3.86667e-07 	 -0.142 	 0 	 0 	 0
3.93333e-07 	 -0.141 	 0 	 0 	 0
4e-07 	 -0.14 	 0 	 0 	 0
4.06667e-07 	 -0.139 	 0 	 0 	 0
4.13333e-07 	 -0.138 	 0 	 0 	 0
4.2e-07 	 -0.137 	 0 	 0 	 0
4.26667e-07 	 -0.136 	 0 	 0 	 0
4.33333e-07 	 -0.135 	 0 	 0 	 0
4.4e-07 	 -0.134 	 0 	 0 	 0
4.46667e-07 	 -0.133 	 0 	 0 	 0
4.53333e-07 	 -0.132 	 0 	 0 	 0
4.6e-07 	 -0.131 	 0 	 0 	 0
4.66667e-07 	 -0.13 	 0 	 0 	 0
4.73333e-07 	 -0.129 	 0 	 0 	 0
4.8e-07 	 -0.128 	 0 	 0 	 0
4.86667e-07 	 -0.127 	 0 	 0 	 0
4.93333e-07 	 -0.126 	 0 	 0 	 0
5e-07 	 -0.125 	 0 	 0 	 0
5.06667e-07 	 -0.124 	 0 	 0 	 0
5.13333e-07 	 -0.123 	 0 	 0 	 0
5.2e-07 	 -0.122 	 0 	 0 	 0
5.26667e-07 	 -0.121 	 0 	 0 	 0
5.33333e-07 	 -0.12 	 0 	 0 	 0
5.4e-07 	 -0.119 	 0 	 0 	 0
5.46667e-07 	 -0.118 	 0 	 0 	 0
5.53333e-07 	 -0.117 	 0 	 0 	 0
5.6e-07 	 -0.116 	 0 	 0 	 0
5.66667e-07 	 -0.115 	 0 	 0 	 0
5.73333e-07 	 -0.114 	 0 	 0 	 0
5.8e-07 	 -0.113 	 0 	 0 	 0
5.86667e-07 	 -0.112 	 0 	 0 	 0
5.93333e-07 	 -0.111 	 0 	 0 	 0
6e-07 	 -0.11 	 0 	 0 	 0
6.06667e-07 	 -0.109 	 0 	 0 	 0
6.13333e-07 	 -0.108 	 0 	 0 	 0
6.2e-07 	 -0.107 	 0 	 0 	 0
6.26667e-07 	 -0.106 	 0 	 0 	 0
6.33333e-07 	 -0.105 	 0 	 0 	 0
6.4e-07 	 -0.104 	 0 	 0 	 0
6.46667e-07 	 -0.103 	 0 	 0 	 0
6.53333e-07 	 -0.102 	 0 	 0 	 0
6.6e-07 	 -0.101 	 0 	 0 	 0
6.66667e-07 	 -0.1 	 0 	 0 	 0
6.73333e-07 	 -0.099 	 0 	 0 	 0
6.8e-07 	 -0.098 	 0 	 0 	 0
6.86667e-07 	 -0.097 	 0 	 0 	 0
6.93333e-07 	 -0.096 	 0 	 0 	 0
7e-07 	 -0.095 	 0 	 0 	 0
7.06667e-07 	 -0.094 	 0 	 0 	 0
7.13333e-07 	 -0.093 	 0 	 0 	 0
7.2e-07 	 -0.092 	 0 	 0 	 0
7.26667e-07 	 -0.091 	 0 	 0 	 0
7.33333e-07 	 -0.09 	 0 	 0 	 0
7.4e-07 	 -0.089 	 0 	 0 	 0
7.46667e-07 	 -0.088 	 0 	 0 	 0
7.53333e-07 	 -0.087 	 0 	 0 	 0
7.6e-07 	 -0.086 	 0 	 0 	 0
7.66667e-07 	 -0.085 	 0 	 0 	 0
7.73333e-07 	 -0.084 	 0 	 0 	 0
7.8e-07 	 -0.083 	 0 	 0 	 0
7.86667e-07 	 -0.082 	 0 	 0 	 0
7.93333e-07 	 -0.081 	 0 	 0 	 0
8e-07 	 -0.08 	 0 	 0 	 0
8.06667e-07 	 -0.079 	 0 	 0 	 0
8.13333e-07 	 -0.078 	 0 	 0 	 0
8.2e-07 	 -0.077 	 0 	 0 	 0
8.26667e-07 	 -0.076 	 0 	 0 	 0
8.33333e-07 	 -0.075 	 0 	 0 	 0
8.4e-07 	 -0.074 	 0 	 0 	 0
8.46667e-07 	 -0.073 	 0 	 0 	 0
8.53333e-07 	 -0.072 	 0 	 0 	 0
8.6e-07 	 -0.071 	 0 	 0 	 0
8.66667e-07 	 -0.07 	 0 	 0 	 0
8.73333e-07 	 -0.069 	 0 	 0 	 0
8.8e-07 	 -0.068 	 0 	 0 	 0
8.86667e-07 	 -0.067 	 0 	 0 	 0
8.93333e-07 	 -0.066 	 0 	 0 	 0
9e-07 	 -0.065 	 0 	 0 	 0
9.06667e-07 	 -0.064 	 0 	 0 	 0
9.13333e-07 	 -0.063 	 0 	 0 	 0
9.2e-07 	 -0.062 	 0 	 0 	 0
9.26667e-07 	 -0.061 	 0 	 0 	 0
9.33333e-07 	 -0.06 	 0 	 0 	 0
9.4e-07 	 -0.059 	 0 	 0 	 0
9.46667e-07 	 -0.058 	 0 	 0 	 0
9.53333e-07 	 -0.057 	 0 	 0 	 0
9.6e-07 	 -0.056 	 0 	 0 	 0
9.66667e-07 	 -0.055 	 0 	 0 	 0
9.73333e-07 	 -0.054 	 0 	 0 	 0
9.8e-07 	 -0.053 	 0 	 0 	 0
9.86667e-07 	 -0.052 	 0 	 0 	 0
9.93333e-07 	 -0.051 	 0 	 0 	 0
1e-06 	 -0.05 	 0 	 0 	 0
1.00667e-06 	 -0.049 	 0 	 0 	 0
1.01333e-06 	 -0.048 	 0 	 0 	 0
1.02e-06 	 -0.047 	 0 	 0 	 0
1.02667e-06 	 -0.046 	 0 	 0 	 0
1.03333e-06 	 -0.045 	 0 	 0 	 0
1.04e-06 	 -0.044 	 0 	 0 	 0
1.04667e-06 	 -0.043 	 0 	 0 	 0
1.05333e-06 	 -0.042 	 0 	 0 	 0
1.06e-06 	 -0.041 	 0 	 0 	 0
1.06667e-06 	 -0.04 	 0 	 0 	 0
1.07333e-06 	 -0.039 	 0 	 0 	 0
1.08e-06 	 -0.038 	 0 	 0 	 0
1.08667e-06 	 -0.037 	 0 	 0 	 0
1.09333e-06 	 -0.036 	 0 	 0 	 0
1.1e-06 	 -0.035 	 0 	 0 	 0
1.10667e-06 	 -0.034 	 0 	 0 	 0
1.11333e-06 	 -0.033 	 0 	 0 	 0
1.12e-06 	 -0.032 	 0 	 0 	 0
1.12667e-06 	 -0.031 	 0 	 0 	 0
1.13333e-06 	 -0.03 	 0 	 0 	 0
1.14e-06 	 -0.029 	 0 	 0 	 0
1.14667e-06 	 -0.028 	 0 	 0 	 0
1.15333e-06 	 -0.027 	 0 	 0 	 0
1.16e-06 	 -0.026 	 0 	 0 	 0
1.16667e-06 	 -0.025 	 0 	 0 	 0
1.17333e-06 	 -0.024 	 0 	 0 	 0
1.18e-06 	 -0.023 	 0 	 0 	 0
1.18667e-06 	 -0.022 	 0 	 0 	 0
1.19333e-06 	 -0.021 	 0 	 0 	 0
1.2e-06 	 -0.02 	 0 	 0 	 0
1.20667e-06 	 -0.019 	 0 	 0 	 0
1.21333e-06 	 -0.018 	 0 	 0 	 0
1.22e-06 	 -0.017 	 0 	 0 	 0
1.22667e-06 	 -0.016 	 0 	 0 	 0
1.23333e-06 	 -0.015 	 0 	 0 	 0
1.24e-06 	 -0.014 	 0 	 0 	 0
1.24667e-06 	 -0.013 	 0 	 0 	 0
1.25333e-06 	 -0.012 	 0 	 0 	 0
1.26e-06 	 -0.011 	 0 	 0 	 0
1.26667e-06 	 -0.01 	 0 	 0 	 0
1.27333e-06 	 -0.009 	 0 	 0 	 0
1.28e-06 	 -0.008 	 0 	 0 	 0
1.28667e-06 	 -0.007 	 0 	 0 	 0
1.29333e-06 	 -0.006 	 0 	 0 	 0
1.3e-06 	 -0.005 	 0 	 0 	 0
1.30667e-06 	 -0.004 	 0 	 0 	 0
1.31333e-06 	 -0.003 	 0 	 0.22015 	 0
1.32e-06 	 -0.002 	 0 	 0.657809 	 4.91482e-06
1.32667e-06 	 -0.001 	 0 	 1.09677 	 2.45151e-05
1.33333e-06 	 0 	 0.00206672 	 1.53084 	 6.36859e-05
1.34e-06 	 0.001 	 0.00206383 	 1.74668 	 0.000122347
1.34667e-06 	 0.002 	 0.00206094 	 1.75472 	 0.000195517
1.35333e-06 	 0.003 	 0.00205805 	 1.75092 	 0.000273685
1.36e-06 	 0.004 	 0.00205518 	 1.74486 	 0.000351948
1.36667e-06 	 0.005 	 0.0020523 	 1.7448 	 0.000429991
1.37333e-06 	 0.006 	 0.00204943 	 1.74139 	 0.000507897
1.38e-06 	 0.007 	 0.00204656 	 1.72705 	 0.000585725
1.38667e-06 	 0.008 	 0.0020437 	 1.73857 	 0.000663158
1.39333e-06 	 0.009 	 0.00204084 	 1.732 	 0.000740527
1.4e-06 	 0.01 	 0.00203798 	 1.72087 	 0.000818007
1.40667e-06 	 0.011 	 0.00203513 	 1.74807 	 0.000895092
1.41333e-06 	 0.012 	 0.00203229 	 1.71803 	 0.000972535
1.42e-06 	 0.013 	 0.00202944 	 1.7084 	 0.00104992
1.42667e-06 	 0.014 	 0.0020266 	 1.71198 	 0.00112641
1.43333e-06 	 0.015 	 0.00202377 	 1.71352 	 0.00120277
1.44e-06 	 0.016 	 0.00202094 	 1.71238 	 0.00127924
1.44667e-06 	 0.017 	 0.00201811 	 1.69313 	 0.00135573
1.45333e-06 	 0.018 	 0.00201529 	 1.66413 	 0.00143175
1.46e-06 	 0.019 	 0.00201247 	 1.61286 	 0.0015067
1.46667e-06 	 0.02 	 0.00200965 	 1.59668 	 0.00157986
1.47333e-06 	 0.021 	 0.00200684 	 1.58031 	 0.00165151
1.48e-06 	 0.022 	 0.00200403 	 1.56842 	 0.00172244
1.48667e-06 	 0.023 	 0.00200123 	 1.50057 	 0.00179274
1.49333e-06 	 0.024 	 0.00199843 	 1.45076 	 0.00186125
1.5e-06 	 0.025 	 0.00199563 	 1.41107 	 0.00192714
1.50667e-06 	 0.026 	 0.00199284 	 1.34929 	 0.00199103
1.51333e-06 	 0.027 	 0.00199005 	 1.34261 	 0.00205265
1.52e-06 	 0.028 	 0.00198727 	 1.28345 	 0.00211275
1.52667e-06 	 0.029 	 0.00198449 	 1.22844 	 0.00217137
1.53333e-06 	 0.03 	 0.00198171 	 1.19187 	 0.00222745
1.54e-06 	 0.031 	 0.00197894 	 1.09623 	 0.00228149
1.54667e-06 	 0.032 	 0.00197617 	 1.05992 	 0.00233257
1.55333e-06 	 0.033 	 0.00197341 	 1.06335 	 0.0023807
1.56e-06 	 0.034 	 0.00197065 	 0.953513 	 0.0024281
1.56667e-06 	 0.035 	 0.00196789 	 0.943652 	 0.00247313
1.57333e-06 	 0.036 	 0.00196514 	 0.910528 	 0.00251548
1.58e-06 	 0.037 	 0.00196239 	 0.770267 	 0.00255688
1.58667e-06 	 0.038 	 0.00195964 	 0.784115 	 0.0025944
1.59333e-06 	 0.039 	 0.0019569 	 0.73351 	 0.0026291
1.6e-06 	 0.04 	 0.00195416 	 0.655078 	 0.00266298
1.60667e-06 	 0.041 	 0.00195143 	 0.657858 	 0.00269398
1.61333e-06 	 0.042 	 0.0019487 	 0.5861 	 0.0027233
1.62e-06 	 0.043 	 0.00194597 	 0.542226 	 0.00275107
1.62667e-06 	 0.044 	 0.00194325 	 0.553337 	 0.00277626
1.63333e-06 	 0.045 	 0.00194053 	 0.466531 	 0.00280071
1.64e-06 	 0.046 	 0.00193782 	 0.366412 	 0.00282348
1.64667e-06 	 0.047 	 0.0019351 	 0.384343 	 0.00284208
1.65333e-06 	 0.048 	 0.0019324 	 0.310465 	 0.00285884
1.66e-06 	 0.049 	 0.00192969 	 0.267758 	 0.00287435
1.66667e-06 	 0.05 	 0.00192699 	 0.351249 	 0.00288726
1.67333e-06 	 0.051 	 0.0019243 	 0.247209 	 0.00290108
1.68e-06 	 0.052 	 0.00192161 	 0.204044 	 0.00291444
1.68667e-06 	 0.053 	 0.00191892 	 0.189358 	 0.00292451
1.69333e-06 	 0.054 	 0.00191623 	 0.0948195 	 0.0029333
1.7e-06 	 0.055 	 0.00191355 	 0.11609 	 0.00293964
1.70667e-06 	 0.056 	 0.00191087 	 0.0870943 	 0.00294435
1.71333e-06 	 0.057 	 0.0019082 	 0.0826705 	 0.00294888
1.72e-06 	 0.058 	 0.00190553 	 0.0563354 	 0.00295267
1.72667e-06 	 0.059 	 0.00190287 	 -0.0199499 	 0.00295578
1.73333e-06 	 0.06 	 0.0019002 	 -0.0125859 	 0.00295659
1.74e-06 	 0.061 	 0.00189755 	 -0.0678135 	 0.00295586
1.74667e-06 	 0.062 	 0.00189489 	 -0.0646592 	 0.00295407
1.75333e-06 	 0.063 	 0.00189224 	 -0.0386196 	 0.00295111
1.76e-06 	 0.064 	 0.00188959 	 -0.0915927 	 0.00294881
1.76667e-06 	 0.065 	 0.00188695 	 -0.0977897 	 0.0029459
1.77333e-06 	 0.066 	 0.00188431 	 -0.114989 	 0.00294167
1.78e-06 	 0.067 	 0.00188167 	 -0.148253 	 0.00293692
1.78667e-06 	 0.068 	 0.00187904 	 -0.168611 	 0.00293104
1.79333e-06 	 0.069 	 0.00187641 	 -0.143791 	 0.00292397
1.8e-06 	 0.07 	 0.00187379 	 -0.195278 	 0.002917
1.80667e-06 	 0.071 	 0.00187116 	 -0.21965 	 0.00290943
1.81333e-06 	 0.072 	 0.00186855 	 -0.168065 	 0.00290016
1.82e-06 	 0.073 	 0.00186593 	 -0.223663 	 0.00289151
1.82667e-06 	 0.074 	 0.00186332 	 -0.202749 	 0.00288276
1.83333e-06 	 0.075 	 0.00186072 	 -0.195778 	 0.00287324
1.84e-06 	 0.076 	 0.00185811 	 -0.257399 	 0.00286434
1.84667e-06 	 0.077 	 0.00185551 	 -0.250214 	 0.00285423
1.85333e-06 	 0.078 	 0.00185292 	 -0.254242 	 0.0028429
1.86e-06 	 0.079 	 0.00185032 	 -0.254214 	 0.00283163
1.86667e-06 	 0.08 	 0.00184774 	 -0.26878 	 0.00282028
1.87333e-06 	 0.081 	 0.00184515 	 -0.255774 	 0.00280861
1.88e-06 	 0.082 	 0.00184257 	 -0.24966 	 0.0027969
1.88667e-06 	 0.083 	 0.00183999 	 -0.306191 	 0.00278561
1.89333e-06 	 0.084 	 0.00183742 	 -0.270151 	 0.0027732
1.9e-06 	 0.085 	 0.00183485 	 -0.272355 	 0.00276034
1.90667e-06 	 0.086 	 0.00183228 	 -0.280874 	 0.00274822
1.91333e-06 	 0.087 	 0.00182972 	 -0.241364 	 0.00273587
1.92e-06 	 0.088 	 0.00182716 	 -0.275607 	 0.00272421
1.92667e-06 	 0.089 	 0.0018246 	 -0.319385 	 0.00271267
1.93333e-06 	 0.09 	 0.00182205 	 -0.317194 	 0.00269939
1.94e-06 	 0.091 	 0.0018195 	 -0.299204 	 0.00268518
1.94667e-06 	 0.092 	 0.00181695 	 -0.300415 	 0.00267142
1.95333e-06 	 0.093 	 0.00181441 	 -0.250625 	 0.00265803
1.96e-06 	 0.094 	 0.00181187 	 -0.263154 	 0.00264573
1.96667e-06 	 0.095 	 0.00180934 	 -0.318852 	 0.00263426
1.97333e-06 	 0.096 	 0.00180681 	 -0.301485 	 0.00262127
1.98e-06 	 0.097 	 0.00180428 	 -0.29119 	 0.00260742
1.98667e-06 	 0.098 	 0.00180175 	 -0.314379 	 0.00259419
1.99333e-06 	 0.099 	 0.00179923 	 -0.266916 	 0.00258067
2e-06 	 0.1 	 0.00179672 	 -0.264466 	 0.00256769
2.00667e-06 	 0.101 	 0.0017942 	 -0.316678 	 0.00255583
2.01333e-06 	 0.102 	 0.00179169 	 -0.273852 	 0.00254285
2.02e-06 	 0.103 	 0.00178919 	 -0.318242 	 0.00252967
2.02667e-06 	 0.104 	 0.00178668 	 -0.302235 	 0.00251645
2.03333e-06 	 0.105 	 0.00178418 	 -0.250375 	 0.0025026
2.04e-06 	 0.106 	 0.00178169 	 -0.288502 	 0.00249026
2.04667e-06 	 0.107 	 0.0017792 	 -0.275448 	 0.00247823
2.05333e-06 	 0.108 	 0.00177671 	 -0.293571 	 0.00246564
2.06e-06 	 0.109 	 0.00177422 	 -0.294033 	 0.00245294
2.06667e-06 	 0.11 	 0.00177174 	 -0.266267 	 0.00243982
2.07333e-06 	 0.111 	 0.00176926 	 -0.257306 	 0.00242731
2.08e-06 	 0.112 	 0.00176678 	 -0.267172 	 0.00241562
2.08667e-06 	 0.113 	 0.00176431 	 -0.289339 	 0.00240391
2.09333e-06 	 0.114 	 0.00176184 	 -0.29114 	 0.00239149
2.1e-06 	 0.115 	 0.00175938 	 -0.279241 	 0.00237853
2.10667e-06 	 0.116 	 0.00175692 	 -0.233174 	 0.0023658
2.11333e-06 	 0.117 	 0.00175446 	 -0.257974 	 0.00235436
2.12e-06 	 0.118 	 0.00175201 	 -0.276639 	 0.00234339
2.12667e-06 	 0.119 	 0.00174955 	 -0.258605 	 0.00233146
2.13333e-06 	 0.12 	 0.00174711 	 -0.298333 	 0.00231951
2.14e-06 	 0.121 	 0.00174466 	 -0.26932 	 0.00230707
2.14667e-06 	 0.122 	 0.00174222 	 -0.226086 	 0.0022944
2.15333e-06 	 0.123 	 0.00173978 	 -0.249159 	 0.00228334
2.16e-06 	 0.124 	 0.00173735 	 -0.243191 	 0.00227273
2.16667e-06 	 0.125 	 0.00173492 	 -0.225292 	 0.00226174
2.17333e-06 	 0.126 	 0.00173249 	 -0.265769 	 0.00225128
2.18e-06 	 0.127 	 0.00173007 	 -0.246221 	 0.00224032
2.18667e-06 	 0.128 	 0.00172765 	 -0.244288 	 0.00222889
2.19333e-06 	 0.129 	 0.00172523 	 -0.279437 	 0.00221794
2.2e-06 	 0.13 	 0.00172282 	 -0.244184 	 0.00220625
2.20667e-06 	 0.131 	 0.00172041 	 -0.242717 	 0.00219456
2.21333e-06 	 0.132 	 0.001718 	 -0.258001 	 0.00218369
2.22e-06 	 0.133 	 0.0017156 	 -0.227991 	 0.00217251
2.22667e-06 	 0.134 	 0.0017132 	 -0.214882 	 0.00216166
2.23333e-06 	 0.135 	 0.0017108 	 -0.227866 	 0.00215177
2.24e-06 	 0.136 	 0.00170841 	 -0.224351 	 0.00214189
2.24667e-06 	 0.137 	 0.00170602 	 -0.218367 	 0.00213179
2.25333e-06 	 0.138 	 0.00170363 	 -0.253044 	 0.00212191
2.26e-06 	 0.139 	 0.00170125 	 -0.25732 	 0.00211138
2.26667e-06 	 0.14 	 0.00169887 	 -0.211449 	 0.00209999
2.27333e-06 	 0.141 	 0.00169649 	 -0.212193 	 0.00208952
2.28e-06 	 0.142 	 0.00169412 	 -0.205937 	 0.00208007
2.28667e-06 	 0.143 	 0.00169175 	 -0.210651 	 0.00207073
2.29333e-06 	 0.144 	 0.00168938 	 -0.230511 	 0.00206143
2.3e-06 	 0.145 	 0.00168702 	 -0.237728 	 0.00205158
2.30667e-06 	 0.146 	 0.00168466 	 -0.223429 	 0.00204113
2.31333e-06 	 0.147 	 0.0016823 	 -0.202079 	 0.00203083
2.32e-06 	 0.148 	 0.00167995 	 -0.211112 	 0.00202133
2.32667e-06 	 0.149 	 0.00167759 	 -0.188704 	 0.00201211
2.33333e-06 	 0.15 	 0.00167525 	 -0.209695 	 0.00200318
2.34e-06 	 0.151 	 0.0016729 	 -0.229176 	 0.00199429
2.34667e-06 	 0.152 	 0.00167056 	 -0.207127 	 0.00198449
2.35333e-06 	 0.153 	 0.00166823 	 -0.226724 	 0.00197475
2.36e-06 	 0.154 	 0.00166589 	 -0.201812 	 0.00196507
2.36667e-06 	 0.155 	 0.00166356 	 -0.189442 	 0.0019555
2.37333e-06 	 0.156 	 0.00166123 	 -0.190738 	 0.00194676
2.38e-06 	 0.157 	 0.00165891 	 -0.193788 	 0.00193828
2.38667e-06 	 0.158 	 0.00165659 	 -0.206311 	 0.00192969
2.39333e-06 	 0.159 	 0.00165427 	 -0.198791 	 0.00192076
2.4e-06 	 0.16 	 0.00165196 	 -0.199221 	 0.00191172
2.40667e-06 	 0.161 	 0.00164965 	 -0.179027 	 0.00190283
2.41333e-06 	 0.162 	 0.00164734 	 -0.200958 	 0.00189439
2.42e-06 	 0.163 	 0.00164503 	 -0.199746 	 0.0018859
2.42667e-06 	 0.164 	 0.00164273 	 -0.173432 	 0.00187696
2.43333e-06 	 0.165 	 0.00164043 	 -0.18725 	 0.00186863
2.44e-06 	 0.166 	 0.00163814 	 -0.181917 	 0.00186057
2.44667e-06 	 0.167 	 0.00163585 	 -0.179834 	 0.00185233
2.45333e-06 	 0.168 	 0.00163356 	 -0.205342 	 0.00184426
2.46e-06 	 0.169 	 0.00163127 	 -0.19556 	 0.00183566
2.46667e-06 	 0.17 	 0.00162899 	 -0.169048 	 0.00182671
2.47333e-06 	 0.171 	 0.00162671 	 -0.171799 	 0.00181857
2.48e-06 	 0.172 	 0.00162444 	 -0.175265 	 0.00181096
2.48667e-06 	 0.173 	 0.00162216 	 -0.190196 	 0.00180321
2.49333e-06 	 0.174 	 0.00161989 	 -0.187089 	 0.00179505
2.5e-06 	 0.175 	 0.00161763 	 -0.172406 	 0.00178663
2.50667e-06 	 0.176 	 0.00161537 	 -0.175727 	 0.0017786
2.51333e-06 	 0.177 	 0.00161311 	 -0.166327 	 0.00177083
2.52e-06 	 0.178 	 0.00161085 	 -0.170765 	 0.0017632
2.52667e-06 	 0.179 	 0.0016086 	 -0.169253 	 0.00175567
2.53333e-06 	 0.18 	 0.00160634 	 -0.17455 	 0.00174808
2.54e-06 	 0.181 	 0.0016041 	 -0.182217 	 0.0017404
2.54667e-06 	 0.182 	 0.00160185 	 -0.165408 	 0.00173244
2.55333e-06 	 0.183 	 0.00159961 	 -0.165825 	 0.00172468
2.56e-06 	 0.184 	 0.00159737 	 -0.158102 	 0.00171728
2.56667e-06 	 0.185 	 0.00159514 	 -0.157612 	 0.00171005
2.57333e-06 	 0.186 	 0.00159291 	 -0.156933 	 0.001703
2.58e-06 	 0.187 	 0.00159068 	 -0.171648 	 0.00169598
2.58667e-06 	 0.188 	 0.00158845 	 -0.164333 	 0.00168865
2.59333e-06 	 0.189 	 0.00158623 	 -0.154311 	 0.00168114
2.6e-06 	 0.19 	 0.00158401 	 -0.168593 	 0.00167403
2.60667e-06 	 0.191 	 0.0015818 	 -0.15872 	 0.00166682
2.61333e-06 	 0.192 	 0.00157958 	 -0.162182 	 0.00165952
2.62e-06 	 0.193 	 0.00157737 	 -0.150584 	 0.00165235
2.62667e-06 	 0.194 	 0.00157517 	 -0.150475 	 0.00164537
2.63333e-06 	 0.195 	 0.00157296 	 -0.156826 	 0.00163865
2.64e-06 	 0.196 	 0.00157076 	 -0.152742 	 0.00163179
2.64667e-06 	 0.197 	 0.00156856 	 0.731533 	 0.00162488
2.65333e-06 	 0.198 	 0.00156637 	 2.52363 	 0.0016378
2.66e-06 	 0.199 	 0.00156418 	 4.27054 	 0.00171047
2.66667e-06 	 0.2 	 0.00996534 	 6.02208 	 0.00186215
2.67333e-06 	 0.201 	 0.00987606 	 6.86061 	 0.00209193
2.68e-06 	 0.202 	 0.00978757 	 6.76613 	 0.00237953
2.68667e-06 	 0.203 	 0.00969988 	 6.73576 	 0.00268375
2.69333e-06 	 0.204 	 0.00961297 	 6.61651 	 0.00298518
2.7e-06 	 0.205 	 0.00952684 	 6.51229 	 0.00328326
2.70667e-06 	 0.206 	 0.00944149 	 6.48813 	 0.00357636
2.71333e-06 	 0.207 	 0.0093569 	 6.37414 	 0.00386659
2.72e-06 	 0.208 	 0.00927306 	 6.23604 	 0.00415374
2.72667e-06 	 0.209 	 0.00918998 	 6.05211 	 0.00443526
2.73333e-06 	 0.21 	 0.00910764 	 5.7594 	 0.00470959
2.74e-06 	 0.211 	 0.00902604 	 5.42905 	 0.00497328
2.74667e-06 	 0.212 	 0.00894517 	 5.12354 	 0.00522306
2.75333e-06 	 0.213 	 0.00886502 	 4.81883 	 0.00545865
2.76e-06 	 0.214 	 0.0087856 	 4.40802 	 0.00568061
2.76667e-06 	 0.215 	 0.00870688 	 4.06418 	 0.0058866
2.77333e-06 	 0.216 	 0.00862887 	 3.7734 	 0.00607574
2.78e-06 	 0.217 	 0.00855156 	 3.37241 	 0.00625071
2.78667e-06 	 0.218 	 0.00847494 	 3.0473 	 0.00641024
2.79333e-06 	 0.219 	 0.00839901 	 2.70616 	 0.00655356
2.8e-06 	 0.22 	 0.00832376 	 2.30329 	 0.00668201
2.80667e-06 	 0.221 	 0.00824918 	 1.96556 	 0.00679384
2.81333e-06 	 0.222 	 0.00817527 	 1.71651 	 0.00688914
2.82e-06 	 0.223 	 0.00810202 	 1.3944 	 0.00697134
2.82667e-06 	 0.224 	 0.00802943 	 1.18807 	 0.00704079
2.83333e-06 	 0.225 	 0.00795749 	 0.924774 	 0.00709845
2.84e-06 	 0.226 	 0.00788619 	 0.5926 	 0.00714562
2.84667e-06 	 0.227 	 0.00781554 	 0.446966 	 0.00717949
2.85333e-06 	 0.228 	 0.00774551 	 0.152704 	 0.0072027
2.86e-06 	 0.229 	 0.00767611 	 0.0164542 	 0.00721609
2.86667e-06 	 0.23 	 0.00760734 	 -0.120621 	 0.00721986
2.87333e-06 	 0.231 	 0.00753918 	 -0.357851 	 0.00721754
2.88e-06 	 0.232 	 0.00747163 	 -0.434987 	 0.00720686
2.88667e-06 	 0.233 	 0.00740469 	 -0.518776 	 0.00718916
2.89333e-06 	 0.234 	 0.00733835 	 -0.691613 	 0.00716786
2.9e-06 	 0.235 	 0.0072726 	 -0.810819 	 0.00714084
2.90667e-06 	 0.236 	 0.00720744 	 -0.880016 	 0.0071073
2.91333e-06 	 0.237 	 0.00714286 	 -1.055 	 0.00706955
2.92e-06 	 0.238 	 0.00707886 	 -1.06684 	 0.00702635
2.92667e-06 	 0.239 	 0.00701544 	 -1.06835 	 0.00697898
2.93333e-06 	 0.24 	 0.00695258 	 -1.18682 	 0.00693132
2.94e-06 	 0.241 	 0.00689029 	 -1.23095 	 0.00688097
2.94667e-06 	 0.242 	 0.00682856 	 -1.3236 	 0.00682699
2.95333e-06 	 0.243 	 0.00676738 	 -1.34947 	 0.00676996
2.96e-06 	 0.244 	 0.00670674 	 -1.36728 	 0.00671029
2.96667e-06 	 0.245 	 0.00664665 	 -1.37079 	 0.00664964
2.97333e-06 	 0.246 	 0.0065871 	 -1.3376 	 0.00658851
2.98e-06 	 0.247 	 0.00652808 	 -1.38185 	 0.00652805
2.98667e-06 	 0.248 	 0.0064696 	 -1.42788 	 0.00646733
2.99333e-06 	 0.249 	 0.00641163 	 -1.42998 	 0.00640461
3e-06 	 0.25 	 0.00635418 	 -1.45958 	 0.00634081
3.00667e-06 	 0.251 	 0.00629725 	 -1.47927 	 0.0062763
3.01333e-06 	 0.252 	 0.00624083 	 -1.44037 	 0.00621069
3.02e-06 	 0.253 	 0.00618492 	 -1.48646 	 0.00614551
3.02667e-06 	 0.254 	 0.0061295 	 -1.47133 	 0.00608017
3.03333e-06 	 0.255 	 0.00607458 	 -1.48745 	 0.00601413
3.04e-06 	 0.256 	 0.00602016 	 -1.44906 	 0.00594808
3.04667e-06 	 0.257 	 0.00596622 	 -1.3843 	 0.00588252
3.05333e-06 	 0.258 	 0.00591276 	 -1.37461 	 0.00581927
3.06e-06 	 0.259 	 0.00585979 	 -1.39244 	 0.00575768
3.06667e-06 	 0.26 	 0.00580729 	 -1.46838 	 0.0056959
3.07333e-06 	 0.261 	 0.00575526 	 -1.42283 	 0.00563203
3.08e-06 	 0.262 	 0.00570369 	 -1.41917 	 0.00556749
3.08667e-06 	 0.263 	 0.00565259 	 -1.37794 	 0.00550404
3.09333e-06 	 0.264 	 0.00560194 	 -1.31869 	 0.0054416
3.1e-06 	 0.265 	 0.00555175 	 -1.37719 	 0.00538139
3.10667e-06 	 0.266 	 0.00550201 	 -1.35926 	 0.00532121
3.11333e-06 	 0.267 	 0.00545271 	 -1.31969 	 0.00526012
3.12e-06 	 0.268 	 0.00540386 	 -1.29668 	 0.00520031
3.12667e-06 	 0.269 	 0.00535544 	 -1.30409 	 0.0051419
3.13333e-06 	 0.27 	 0.00530746 	 -1.28838 	 0.00508384
3.14e-06 	 0.271 	 0.00525991 	 -1.25612 	 0.00502596
3.14667e-06 	 0.272 	 0.00521278 	 -1.29695 	 0.00496916
3.15333e-06 	 0.273 	 0.00516608 	 -1.24156 	 0.00491216
3.16e-06 	 0.274 	 0.00511979 	 -1.21395 	 0.00485549
3.16667e-06 	 0.275 	 0.00507392 	 -1.24536 	 0.00480067
3.17333e-06 	 0.276 	 0.00502846 	 -1.19552 	 0.00474577
3.18e-06 	 0.277 	 0.00498341 	 -1.18416 	 0.00469127
3.18667e-06 	 0.278 	 0.00493876 	 -1.21062 	 0.00463815
3.19333e-06 	 0.279 	 0.00489451 	 -1.13886 	 0.00458468
3.2e-06 	 0.28 	 0.00485065 	 -1.12497 	 0.00453223
3.20667e-06 	 0.281 	 0.00480719 	 -1.15104 	 0.00448169
3.21333e-06 	 0.282 	 0.00476412 	 -1.09842 	 0.00443088
3.22e-06 	 0.283 	 0.00472144 	 -1.12236 	 0.00438066
3.22667e-06 	 0.284 	 0.00467914 	 -1.15301 	 0.00433108
3.23333e-06 	 0.285 	 0.00463721 	 -1.08677 	 0.00428029
3.24e-06 	 0.286 	 0.00459567 	 -1.05946 	 0.00423028
3.24667e-06 	 0.287 	 0.00455449 	 -1.04839 	 0.00418237
3.25333e-06 	 0.288 	 0.00451368 	 -1.00897 	 0.00413531
3.26e-06 	 0.289 	 0.00447324 	 -1.05018 	 0.00408938
3.26667e-06 	 0.29 	 0.00443316 	 -1.02882 	 0.00404341
3.27333e-06 	 0.291 	 0.00439344 	 -0.993086 	 0.003997
3.28e-06 	 0.292 	 0.00435408 	 -1.46365 	 0.00395186
3.28667e-06 	 0.293 	 0.00431507 	 -2.32059 	 0.00389701
3.29333e-06 	 0.294 	 0.00427641 	 -3.21115 	 0.00381253
3.3e-06 	 0.295 	 0 	 -4.11555 	 0.00368904
3.30667e-06 	 0.296 	 0 	 -4.50435 	 0.00352547
3.31333e-06 	 0.297 	 0 	 -4.42789 	 0.00333303
3.32e-06 	 0.298 	 0 	 -4.37542 	 0.00313362
3.32667e-06 	 0.299 	 0 	 -4.32891 	 0.00293709
3.33333e-06 	 0.3 	 0 	 -4.3087 	 0.00274276
3.34e-06 	 0.301 	 0 	 -4.21691 	 0.00254993
3.34667e-06 	 0.302 	 0 	 -4.1111 	 0.0023596
3.35333e-06 	 0.303 	 0 	 -3.97719 	 0.00217368
3.36e-06 	 0.304 	 0 	 -3.71201 	 0.00199311
3.36667e-06 	 0.305 	 0 	 -3.55889 	 0.00182145
3.37333e-06 	 0.306 	 0 	 -3.35192 	 0.00165912
3.38e-06 	 0.307 	 0 	 -3.08329 	 0.00150484
3.38667e-06 	 0.308 	 0 	 -2.90718 	 0.00136118
3.39333e-06 	 0.309 	 0 	 -2.66518 	 0.00122744
3.4e-06 	 0.31 	 0 	 -2.43675 	 0.00110304
3.40667e-06 	 0.311 	 0 	 -2.25099 	 0.000989137
3.41333e-06 	 0.312 	 0 	 -2.04037 	 0.000884483
3.42e-06 	 0.313 	 0 	 -1.85405 	 0.00078868
3.42667e-06 	 0.314 	 0 	 -1.6855 	 0.000701737
3.43333e-06 	 0.315 	 0 	 -1.50603 	 0.000622717
3.44e-06 	 0.316 	 0 	 -1.35721 	 0.000551467
3.44667e-06 	 0.317 	 0 	 -1.21844 	 0.000487546
3.45333e-06 	 0.318 	 0 	 -1.08642 	 0.000430045
3.46e-06 	 0.319 	 0 	 -0.975984 	 0.000378589
3.46667e-06 	 0.32 	 0 	 -0.86194 	 0.000332546
3.47333e-06 	 0.321 	 0 	 -0.761824 	 0.000291515
3.48e-06 	 0.322 	 0 	 -0.68167 	 0.000255265
3.48667e-06 	 0.323 	 0 	 -0.597569 	 0.000223039
3.49333e-06 	 0.324 	 0 	 -0.522433 	 0.00019448
3.5e-06 	 0.325 	 0 	 -0.463073 	 0.000169476
3.50667e-06 	 0.326 	 0 	 -0.405915 	 0.000147475
3.51333e-06 	 0.327 	 0 	 -0.356923 	 0.000128075
3.52e-06 	 0.328 	 0 	 -0.313167 	 0.000111045
3.52667e-06 	 0.329 	 0 	 -0.271899 	 9.60849e-05
3.53333e-06 	 0.33 	 0 	 -0.235813 	 8.30234e-05
3.54e-06 	 0.331 	 0 	 -0.206321 	 7.16888e-05
3.54667e-06 	 0.332 	 0 	 -0.179213 	 6.18182e-05
3.55333e-06 	 0.333 	 0 	 -0.154567 	 5.32112e-05
3.56e-06 	 0.334 	 0 	 -0.134261 	 4.57597e-05
3.56667e-06 	 0.335 	 0 	 -0.11545 	 3.93116e-05
3.57333e-06 	 0.336 	 0 	 -0.100365 	 3.37369e-05
3.58e-06 	 0.337 	 0 	 -0.0874307 	 2.89188e-05
3.58667e-06 	 0.338 	 0 	 -0.0746747 	 2.47263e-05
3.59333e-06 	 0.339 	 0 	 -0.0642186 	 2.11073e-05
3.6e-06 	 0.34 	 0 	 -0.0548631 	 1.80066e-05
3.60667e-06 	 0.341 	 0 	 -0.046903 	 1.53481e-05
3.61333e-06 	 0.342 	 0 	 -0.0404379 	 1.30762e-05
3.62e-06 	 0.343 	 0 	 -0.0344732 	 1.11263e-05
3.62667e-06 	 0.344 	 0 	 -0.029667 	 9.45392e-06
3.63333e-06 	 0.345 	 0 	 -0.025252 	 8.022e-06
3.64e-06 	 0.346 	 0 	 -0.0214002 	 6.79594e-06
3.64667e-06 	 0.347 	 0 	 -0.0182961 	 5.75444e-06
3.65333e-06 	 0.348 	 0 	 -0.0155738 	 4.86822e-06
3.66e-06 	 0.349 	 0 	 -0.0132369 	 4.11208e-06
3.66667e-06 	 0.35 	 0 	 -0.0111955 	 3.46889e-06
3.67333e-06 	 0.351 	 0 	 -0.00945362 	 2.92344e-06
3.68e-06 	 0.352 	 0 	 -0.00809053 	 2.46245e-06
3.68667e-06 	 0.353 	 0 	 -0.00684068 	 2.07078e-06
3.69333e-06 	 0.354 	 0 	 -0.0057325 	 1.73744e-06
3.7e-06 	 0.355 	 0 	 -0.00488422 	 1.45675e-06
3.70667e-06 	 0.356 	 0 	 -0.00409165 	 1.21973e-06
3.71333e-06 	 0.357 	 0 	 -0.0034448 	 1.01935e-06
3.72e-06 	 0.358 	 0 	 -0.00290191 	 8.51095e-07
3.72667e-06 	 0.359 	 0 	 -0.00243873 	 7.09406e-07
3.73333e-06 	 0.36 	 0 	 -0.00206406 	 5.90177e-07
3.74e-06 	 0.361 	 0 	 -0.00171077 	 4.89653e-07
3.74667e-06 	 0.362 	 0 	 -0.0014438 	 4.05381e-07
3.75333e-06 	 0.363 	 0 	 -0.00120663 	 3.34955e-07
3.76e-06 	 0.364 	 0 	 -0.00101189 	 2.75785e-07
3.76667e-06 	 0.365 	 0 	 -0.000851827 	 2.26257e-07
3.77333e-06 	 0.366 	 0 	 -0.000705418 	 1.8465e-07
3.78e-06 	 0.367 	 0 	 -0.000584967 	 1.49885e-07
3.78667e-06 	 0.368 	 0 	 -0.000484716 	 1.21077e-07
3.79333e-06 	 0.369 	 0 	 -0.000405849 	 9.71964e-08
3.8e-06 	 0.37 	 0 	 -0.000338744 	 7.73146e-08
3.80667e-06 	 0.371 	 0 	 -0.000280277 	 6.06917e-08
3.81333e-06 	 0.372 	 0 	 -0.000231919 	 4.68722e-08
3.82e-06 	 0.373 	 0 	 -0.000192781 	 3.54375e-08
3.82667e-06 	 0.374 	 0 	 -0.000158472 	 2.59561e-08
3.83333e-06 	 0.375 	 0 	 -0.000127927 	 1.81144e-08
3.84e-06 	 0.376 	 0 	 -9.59373e-05 	 1.17206e-08
3.84667e-06 	 0.377 	 0 	 -6.11555e-05 	 6.72287e-09
3.85333e-06 	 0.378 	 0 	 -3.18591e-05 	 3.2158e-09
3.86e-06 	 0.379 	 0 	 -9.58595e-06 	 1.13926e-09
3.86667e-06 	 0.38 	 0 	 0 	 2.14005e-10
3.87333e-06 	 0.381 	 0 	 0 	 -1.8409e-18
3.88e-06 	 0.382 	 0 	 0 	 -1.8409e-18
# MSE  -0.2 1.28899771529e-06
