# (t) 	 (c tau) 	 (p0) 	 (pzD) 	 (p0FF)
0 	 -0.9 	 0 	 0 	 0
6.66667e-09 	 -0.899 	 0 	 0 	 0
1.33333e-08 	 -0.898 	 0 	 0 	 0
2e-08 	 -0.897 	 0 	 0 	 0
2.66667e-08 	 -0.896 	 0 	 0 	 0
3.33333e-08 	 -0.895 	 0 	 0 	 0
4e-08 	 -0.894 	 0 	 0 	 0
4.66667e-08 	 -0.893 	 0 	 0 	 0
5.33333e-08 	 -0.892 	 0 	 0 	 0
6e-08 	 -0.891 	 0 	 0 	 0
6.66667e-08 	 -0.89 	 0 	 0 	 0
7.33333e-08 	 -0.889 	 0 	 0 	 0
8e-08 	 -0.888 	 0 	 0 	 0
8.66667e-08 	 -0.887 	 0 	 0 	 0
9.33333e-08 	 -0.886 	 0 	 0 	 0
1e-07 	 -0.885 	 0 	 0 	 0
1.06667e-07 	 -0.884 	 0 	 0 	 0
1.13333e-07 	 -0.883 	 0 	 0 	 0
1.2e-07 	 -0.882 	 0 	 0 	 0
1.26667e-07 	 -0.881 	 0 	 0 	 0
1.33333e-07 	 -0.88 	 0 	 0 	 0
1.4e-07 	 -0.879 	 0 	 0 	 0
1.46667e-07 	 -0.878 	 0 	 0 	 0
1.53333e-07 	 -0.877 	 0 	 0 	 0
1.6e-07 	 -0.876 	 0 	 0 	 0
1.66667e-07 	 -0.875 	 0 	 0 	 0
1.73333e-07 	 -0.874 	 0 	 0 	 0
1.8e-07 	 -0.873 	 0 	 0 	 0
1.86667e-07 	 -0.872 	 0 	 0 	 0
1.93333e-07 	 -0.871 	 0 	 0 	 0
2e-07 	 -0.87 	 0 	 0 	 0
2.06667e-07 	 -0.869 	 0 	 0 	 0
2.13333e-07 	 -0.868 	 0 	 0 	 0
2.2e-07 	 -0.867 	 0 	 0 	 0
2.26667e-07 	 -0.866 	 0 	 0 	 0
2.33333e-07 	 -0.865 	 0 	 0 	 0
2.4e-07 	 -0.864 	 0 	 0 	 0
2.46667e-07 	 -0.863 	 0 	 0 	 0
2.53333e-07 	 -0.862 	 0 	 0 	 0
2.6e-07 	 -0.861 	 0 	 0 	 0
2.66667e-07 	 -0.86 	 0 	 0 	 0
2.73333e-07 	 -0.859 	 0 	 0 	 0
2.8e-07 	 -0.858 	 0 	 0 	 0
2.86667e-07 	 -0.857 	 0 	 0 	 0
2.93333e-07 	 -0.856 	 0 	 0 	 0
3e-07 	 -0.855 	 0 	 0 	 0
3.06667e-07 	 -0.854 	 0 	 0 	 0
3.13333e-07 	 -0.853 	 0 	 0 	 0
3.2e-07 	 -0.852 	 0 	 0 	 0
3.26667e-07 	 -0.851 	 0 	 0 	 0
3.33333e-07 	 -0.85 	 0 	 0 	 0
3.4e-07 	 -0.849 	 0 	 0 	 0
3.46667e-07 	 -0.848 	 0 	 0 	 0
3.53333e-07 	 -0.847 	 0 	 0 	 0
3.6e-07 	 -0.846 	 0 	 0 	 0
3.66667e-07 	 -0.845 	 0 	 0 	 0
3.73333e-07 	 -0.844 	 0 	 0 	 0
3.8e-07 	 -0.843 	 0 	 0 	 0
3.86667e-07 	 -0.842 	 0 	 0 	 0
3.93333e-07 	 -0.841 	 0 	 0 	 0
4e-07 	 -0.84 	 0 	 0 	 0
4.06667e-07 	 -0.839 	 0 	 0 	 0
4.13333e-07 	 -0.838 	 0 	 0 	 0
4.2e-07 	 -0.837 	 0 	 0 	 0
4.26667e-07 	 -0.836 	 0 	 0 	 0
4.33333e-07 	 -0.835 	 0 	 0 	 0
4.4e-07 	 -0.834 	 0 	 0 	 0
4.46667e-07 	 -0.833 	 0 	 0 	 0
4.53333e-07 	 -0.832 	 0 	 0 	 0
4.6e-07 	 -0.831 	 0 	 0 	 0
4.66667e-07 	 -0.83 	 0 	 0 	 0
4.73333e-07 	 -0.829 	 0 	 0 	 0
4.8e-07 	 -0.828 	 0 	 0 	 0
4.86667e-07 	 -0.827 	 0 	 0 	 0
4.93333e-07 	 -0.826 	 0 	 0 	 0
5e-07 	 -0.825 	 0 	 0 	 0
5.06667e-07 	 -0.824 	 0 	 0 	 0
5.13333e-07 	 -0.823 	 0 	 0 	 0
5.2e-07 	 -0.822 	 0 	 0 	 0
5.26667e-07 	 -0.821 	 0 	 0 	 0
5.33333e-07 	 -0.82 	 0 	 0 	 0
5.4e-07 	 -0.819 	 0 	 0 	 0
5.46667e-07 	 -0.818 	 0 	 0 	 0
5.53333e-07 	 -0.817 	 0 	 0 	 0
5.6e-07 	 -0.816 	 0 	 0 	 0
5.66667e-07 	 -0.815 	 0 	 0 	 0
5.73333e-07 	 -0.814 	 0 	 0 	 0
5.8e-07 	 -0.813 	 0 	 0 	 0
5.86667e-07 	 -0.812 	 0 	 0 	 0
5.93333e-07 	 -0.811 	 0 	 0 	 0
6e-07 	 -0.81 	 0 	 0 	 0
6.06667e-07 	 -0.809 	 0 	 0 	 0
6.13333e-07 	 -0.808 	 0 	 0 	 0
6.2e-07 	 -0.807 	 0 	 0 	 0
6.26667e-07 	 -0.806 	 0 	 0 	 0
6.33333e-07 	 -0.805 	 0 	 0 	 0
6.4e-07 	 -0.804 	 0 	 0 	 0
6.46667e-07 	 -0.803 	 0 	 0 	 0
6.53333e-07 	 -0.802 	 0 	 0 	 0
6.6e-07 	 -0.801 	 0 	 0 	 0
6.66667e-07 	 -0.8 	 0 	 0 	 0
6.73333e-07 	 -0.799 	 0 	 0 	 0
6.8e-07 	 -0.798 	 0 	 0 	 0
6.86667e-07 	 -0.797 	 0 	 0 	 0
6.93333e-07 	 -0.796 	 0 	 0 	 0
7e-07 	 -0.795 	 0 	 0 	 0
7.06667e-07 	 -0.794 	 0 	 0 	 0
7.13333e-07 	 -0.793 	 0 	 0 	 0
7.2e-07 	 -0.792 	 0 	 0 	 0
7.26667e-07 	 -0.791 	 0 	 0 	 0
7.33333e-07 	 -0.79 	 0 	 0 	 0
7.4e-07 	 -0.789 	 0 	 0 	 0
7.46667e-07 	 -0.788 	 0 	 0 	 0
7.53333e-07 	 -0.787 	 0 	 0 	 0
7.6e-07 	 -0.786 	 0 	 0 	 0
7.66667e-07 	 -0.785 	 0 	 0 	 0
7.73333e-07 	 -0.784 	 0 	 0 	 0
7.8e-07 	 -0.783 	 0 	 0 	 0
7.86667e-07 	 -0.782 	 0 	 0 	 0
7.93333e-07 	 -0.781 	 0 	 0 	 0
8e-07 	 -0.78 	 0 	 0 	 0
8.06667e-07 	 -0.779 	 0 	 0 	 0
8.13333e-07 	 -0.778 	 0 	 0 	 0
8.2e-07 	 -0.777 	 0 	 0 	 0
8.26667e-07 	 -0.776 	 0 	 0 	 0
8.33333e-07 	 -0.775 	 0 	 0 	 0
8.4e-07 	 -0.774 	 0 	 0 	 0
8.46667e-07 	 -0.773 	 0 	 0 	 0
8.53333e-07 	 -0.772 	 0 	 0 	 0
8.6e-07 	 -0.771 	 0 	 0 	 0
8.66667e-07 	 -0.77 	 0 	 0 	 0
8.73333e-07 	 -0.769 	 0 	 0 	 0
8.8e-07 	 -0.768 	 0 	 0 	 0
8.86667e-07 	 -0.767 	 0 	 0 	 0
8.93333e-07 	 -0.766 	 0 	 0 	 0
9e-07 	 -0.765 	 0 	 0 	 0
9.06667e-07 	 -0.764 	 0 	 0 	 0
9.13333e-07 	 -0.763 	 0 	 0 	 0
9.2e-07 	 -0.762 	 0 	 0 	 0
9.26667e-07 	 -0.761 	 0 	 0 	 0
9.33333e-07 	 -0.76 	 0 	 0 	 0
9.4e-07 	 -0.759 	 0 	 0 	 0
9.46667e-07 	 -0.758 	 0 	 0 	 0
9.53333e-07 	 -0.757 	 0 	 0 	 0
9.6e-07 	 -0.756 	 0 	 0 	 0
9.66667e-07 	 -0.755 	 0 	 0 	 0
9.73333e-07 	 -0.754 	 0 	 0 	 0
9.8e-07 	 -0.753 	 0 	 0 	 0
9.86667e-07 	 -0.752 	 0 	 0 	 0
9.93333e-07 	 -0.751 	 0 	 0 	 0
1e-06 	 -0.75 	 0 	 0 	 0
1.00667e-06 	 -0.749 	 0 	 0 	 0
1.01333e-06 	 -0.748 	 0 	 0 	 0
1.02e-06 	 -0.747 	 0 	 0 	 0
1.02667e-06 	 -0.746 	 0 	 0 	 0
1.03333e-06 	 -0.745 	 0 	 0 	 0
1.04e-06 	 -0.744 	 0 	 0 	 0
1.04667e-06 	 -0.743 	 0 	 0 	 0
1.05333e-06 	 -0.742 	 0 	 0 	 0
1.06e-06 	 -0.741 	 0 	 0 	 0
1.06667e-06 	 -0.74 	 0 	 0 	 0
1.07333e-06 	 -0.739 	 0 	 0 	 0
1.08e-06 	 -0.738 	 0 	 0 	 0
1.08667e-06 	 -0.737 	 0 	 0 	 0
1.09333e-06 	 -0.736 	 0 	 0 	 0
1.1e-06 	 -0.735 	 0 	 0 	 0
1.10667e-06 	 -0.734 	 0 	 0 	 0
1.11333e-06 	 -0.733 	 0 	 0 	 0
1.12e-06 	 -0.732 	 0 	 0 	 0
1.12667e-06 	 -0.731 	 0 	 0 	 0
1.13333e-06 	 -0.73 	 0 	 0 	 0
1.14e-06 	 -0.729 	 0 	 0 	 0
1.14667e-06 	 -0.728 	 0 	 0 	 0
1.15333e-06 	 -0.727 	 0 	 0 	 0
1.16e-06 	 -0.726 	 0 	 0 	 0
1.16667e-06 	 -0.725 	 0 	 0 	 0
1.17333e-06 	 -0.724 	 0 	 0 	 0
1.18e-06 	 -0.723 	 0 	 0 	 0
1.18667e-06 	 -0.722 	 0 	 0 	 0
1.19333e-06 	 -0.721 	 0 	 0 	 0
1.2e-06 	 -0.72 	 0 	 0 	 0
1.20667e-06 	 -0.719 	 0 	 0 	 0
1.21333e-06 	 -0.718 	 0 	 0 	 0
1.22e-06 	 -0.717 	 0 	 0 	 0
1.22667e-06 	 -0.716 	 0 	 0 	 0
1.23333e-06 	 -0.715 	 0 	 0 	 0
1.24e-06 	 -0.714 	 0 	 0 	 0
1.24667e-06 	 -0.713 	 0 	 0 	 0
1.25333e-06 	 -0.712 	 0 	 0 	 0
1.26e-06 	 -0.711 	 0 	 0 	 0
1.26667e-06 	 -0.71 	 0 	 0 	 0
1.27333e-06 	 -0.709 	 0 	 0 	 0
1.28e-06 	 -0.708 	 0 	 0 	 0
1.28667e-06 	 -0.707 	 0 	 0 	 0
1.29333e-06 	 -0.706 	 0 	 0 	 0
1.3e-06 	 -0.705 	 0 	 0 	 0
1.30667e-06 	 -0.704 	 0 	 0 	 0
1.31333e-06 	 -0.703 	 0 	 0 	 0
1.32e-06 	 -0.702 	 0 	 0 	 0
1.32667e-06 	 -0.701 	 0 	 0 	 0
1.33333e-06 	 -0.7 	 0 	 0 	 0
1.34e-06 	 -0.699 	 0 	 0 	 0
1.34667e-06 	 -0.698 	 0 	 0 	 0
1.35333e-06 	 -0.697 	 0 	 0 	 0
1.36e-06 	 -0.696 	 0 	 0 	 0
1.36667e-06 	 -0.695 	 0 	 0 	 0
1.37333e-06 	 -0.694 	 0 	 0 	 0
1.38e-06 	 -0.693 	 0 	 0 	 0
1.38667e-06 	 -0.692 	 0 	 0 	 0
1.39333e-06 	 -0.691 	 0 	 0 	 0
1.4e-06 	 -0.69 	 0 	 0 	 0
1.40667e-06 	 -0.689 	 0 	 0 	 0
1.41333e-06 	 -0.688 	 0 	 0 	 0
1.42e-06 	 -0.687 	 0 	 0 	 0
1.42667e-06 	 -0.686 	 0 	 0 	 0
1.43333e-06 	 -0.685 	 0 	 0 	 0
1.44e-06 	 -0.684 	 0 	 0 	 0
1.44667e-06 	 -0.683 	 0 	 0 	 0
1.45333e-06 	 -0.682 	 0 	 0 	 0
1.46e-06 	 -0.681 	 0 	 0 	 0
1.46667e-06 	 -0.68 	 0 	 0 	 0
1.47333e-06 	 -0.679 	 0 	 0 	 0
1.48e-06 	 -0.678 	 0 	 0 	 0
1.48667e-06 	 -0.677 	 0 	 0 	 0
1.49333e-06 	 -0.676 	 0 	 0 	 0
1.5e-06 	 -0.675 	 0 	 0 	 0
1.50667e-06 	 -0.674 	 0 	 0 	 0
1.51333e-06 	 -0.673 	 0 	 0 	 0
1.52e-06 	 -0.672 	 0 	 0 	 0
1.52667e-06 	 -0.671 	 0 	 0 	 0
1.53333e-06 	 -0.67 	 0 	 0 	 0
1.54e-06 	 -0.669 	 0 	 0 	 0
1.54667e-06 	 -0.668 	 0 	 0 	 0
1.55333e-06 	 -0.667 	 0 	 0 	 0
1.56e-06 	 -0.666 	 0 	 0 	 0
1.56667e-06 	 -0.665 	 0 	 0 	 0
1.57333e-06 	 -0.664 	 0 	 0 	 0
1.58e-06 	 -0.663 	 0 	 0 	 0
1.58667e-06 	 -0.662 	 0 	 0 	 0
1.59333e-06 	 -0.661 	 0 	 0 	 0
1.6e-06 	 -0.66 	 0 	 0 	 0
1.60667e-06 	 -0.659 	 0 	 0 	 0
1.61333e-06 	 -0.658 	 0 	 0 	 0
1.62e-06 	 -0.657 	 0 	 0 	 0
1.62667e-06 	 -0.656 	 0 	 0 	 0
1.63333e-06 	 -0.655 	 0 	 0 	 0
1.64e-06 	 -0.654 	 0 	 0 	 0
1.64667e-06 	 -0.653 	 0 	 0 	 0
1.65333e-06 	 -0.652 	 0 	 0 	 0
1.66e-06 	 -0.651 	 0 	 0 	 0
1.66667e-06 	 -0.65 	 0 	 0 	 0
1.67333e-06 	 -0.649 	 0 	 0 	 0
1.68e-06 	 -0.648 	 0 	 0 	 0
1.68667e-06 	 -0.647 	 0 	 0 	 0
1.69333e-06 	 -0.646 	 0 	 0 	 0
1.7e-06 	 -0.645 	 0 	 0 	 0
1.70667e-06 	 -0.644 	 0 	 0 	 0
1.71333e-06 	 -0.643 	 0 	 0 	 0
1.72e-06 	 -0.642 	 0 	 0 	 0
1.72667e-06 	 -0.641 	 0 	 0 	 0
1.73333e-06 	 -0.64 	 0 	 0 	 0
1.74e-06 	 -0.639 	 0 	 0 	 0
1.74667e-06 	 -0.638 	 0 	 0 	 0
1.75333e-06 	 -0.637 	 0 	 0 	 0
1.76e-06 	 -0.636 	 0 	 0 	 0
1.76667e-06 	 -0.635 	 0 	 0 	 0
1.77333e-06 	 -0.634 	 0 	 0 	 0
1.78e-06 	 -0.633 	 0 	 0 	 0
1.78667e-06 	 -0.632 	 0 	 0 	 0
1.79333e-06 	 -0.631 	 0 	 0 	 0
1.8e-06 	 -0.63 	 0 	 0 	 0
1.80667e-06 	 -0.629 	 0 	 0 	 0
1.81333e-06 	 -0.628 	 0 	 0 	 0
1.82e-06 	 -0.627 	 0 	 0 	 0
1.82667e-06 	 -0.626 	 0 	 0 	 0
1.83333e-06 	 -0.625 	 0 	 0 	 0
1.84e-06 	 -0.624 	 0 	 0 	 0
1.84667e-06 	 -0.623 	 0 	 0 	 0
1.85333e-06 	 -0.622 	 0 	 0 	 0
1.86e-06 	 -0.621 	 0 	 0 	 0
1.86667e-06 	 -0.62 	 0 	 0 	 0
1.87333e-06 	 -0.619 	 0 	 0 	 0
1.88e-06 	 -0.618 	 0 	 0 	 0
1.88667e-06 	 -0.617 	 0 	 0 	 0
1.89333e-06 	 -0.616 	 0 	 0 	 0
1.9e-06 	 -0.615 	 0 	 0 	 0
1.90667e-06 	 -0.614 	 0 	 0 	 0
1.91333e-06 	 -0.613 	 0 	 0 	 0
1.92e-06 	 -0.612 	 0 	 0 	 0
1.92667e-06 	 -0.611 	 0 	 0 	 0
1.93333e-06 	 -0.61 	 0 	 0 	 0
1.94e-06 	 -0.609 	 0 	 0 	 0
1.94667e-06 	 -0.608 	 0 	 0 	 0
1.95333e-06 	 -0.607 	 0 	 0 	 0
1.96e-06 	 -0.606 	 0 	 0 	 0
1.96667e-06 	 -0.605 	 0 	 0 	 0
1.97333e-06 	 -0.604 	 0 	 0 	 0
1.98e-06 	 -0.603 	 0 	 0 	 0
1.98667e-06 	 -0.602 	 0 	 0 	 0
1.99333e-06 	 -0.601 	 0 	 0 	 0
2e-06 	 -0.6 	 0 	 0 	 0
2.00667e-06 	 -0.599 	 0 	 0 	 0
2.01333e-06 	 -0.598 	 0 	 0 	 0
2.02e-06 	 -0.597 	 0 	 0 	 0
2.02667e-06 	 -0.596 	 0 	 0 	 0
2.03333e-06 	 -0.595 	 0 	 0 	 0
2.04e-06 	 -0.594 	 0 	 0 	 0
2.04667e-06 	 -0.593 	 0 	 0 	 0
2.05333e-06 	 -0.592 	 0 	 0 	 0
2.06e-06 	 -0.591 	 0 	 0 	 0
2.06667e-06 	 -0.59 	 0 	 0 	 0
2.07333e-06 	 -0.589 	 0 	 0 	 0
2.08e-06 	 -0.588 	 0 	 0 	 0
2.08667e-06 	 -0.587 	 0 	 0 	 0
2.09333e-06 	 -0.586 	 0 	 0 	 0
2.1e-06 	 -0.585 	 0 	 0 	 0
2.10667e-06 	 -0.584 	 0 	 0 	 0
2.11333e-06 	 -0.583 	 0 	 0 	 0
2.12e-06 	 -0.582 	 0 	 0 	 0
2.12667e-06 	 -0.581 	 0 	 0 	 0
2.13333e-06 	 -0.58 	 0 	 0 	 0
2.14e-06 	 -0.579 	 0 	 0 	 0
2.14667e-06 	 -0.578 	 0 	 0 	 0
2.15333e-06 	 -0.577 	 0 	 0 	 0
2.16e-06 	 -0.576 	 0 	 0 	 0
2.16667e-06 	 -0.575 	 0 	 0 	 0
2.17333e-06 	 -0.574 	 0 	 0 	 0
2.18e-06 	 -0.573 	 0 	 0 	 0
2.18667e-06 	 -0.572 	 0 	 0 	 0
2.19333e-06 	 -0.571 	 0 	 0 	 0
2.2e-06 	 -0.57 	 0 	 0 	 0
2.20667e-06 	 -0.569 	 0 	 0 	 0
2.21333e-06 	 -0.568 	 0 	 0 	 0
2.22e-06 	 -0.567 	 0 	 0 	 0
2.22667e-06 	 -0.566 	 0 	 0 	 0
2.23333e-06 	 -0.565 	 0 	 0 	 0
2.24e-06 	 -0.564 	 0 	 0 	 0
2.24667e-06 	 -0.563 	 0 	 0 	 0
2.25333e-06 	 -0.562 	 0 	 0 	 0
2.26e-06 	 -0.561 	 0 	 0 	 0
2.26667e-06 	 -0.56 	 0 	 0 	 0
2.27333e-06 	 -0.559 	 0 	 0 	 0
2.28e-06 	 -0.558 	 0 	 0 	 0
2.28667e-06 	 -0.557 	 0 	 0 	 0
2.29333e-06 	 -0.556 	 0 	 0 	 0
2.3e-06 	 -0.555 	 0 	 0 	 0
2.30667e-06 	 -0.554 	 0 	 0 	 0
2.31333e-06 	 -0.553 	 0 	 0 	 0
2.32e-06 	 -0.552 	 0 	 0 	 0
2.32667e-06 	 -0.551 	 0 	 0 	 0
2.33333e-06 	 -0.55 	 0 	 0 	 0
2.34e-06 	 -0.549 	 0 	 0 	 0
2.34667e-06 	 -0.548 	 0 	 0 	 0
2.35333e-06 	 -0.547 	 0 	 0 	 0
2.36e-06 	 -0.546 	 0 	 0 	 0
2.36667e-06 	 -0.545 	 0 	 0 	 0
2.37333e-06 	 -0.544 	 0 	 0 	 0
2.38e-06 	 -0.543 	 0 	 0 	 0
2.38667e-06 	 -0.542 	 0 	 0 	 0
2.39333e-06 	 -0.541 	 0 	 0 	 0
2.4e-06 	 -0.54 	 0 	 0 	 0
2.40667e-06 	 -0.539 	 0 	 0 	 0
2.41333e-06 	 -0.538 	 0 	 0 	 0
2.42e-06 	 -0.537 	 0 	 0 	 0
2.42667e-06 	 -0.536 	 0 	 0 	 0
2.43333e-06 	 -0.535 	 0 	 0 	 0
2.44e-06 	 -0.534 	 0 	 0 	 0
2.44667e-06 	 -0.533 	 0 	 0 	 0
2.45333e-06 	 -0.532 	 0 	 0 	 0
2.46e-06 	 -0.531 	 0 	 0 	 0
2.46667e-06 	 -0.53 	 0 	 0 	 0
2.47333e-06 	 -0.529 	 0 	 0 	 0
2.48e-06 	 -0.528 	 0 	 0 	 0
2.48667e-06 	 -0.527 	 0 	 0 	 0
2.49333e-06 	 -0.526 	 0 	 0 	 0
2.5e-06 	 -0.525 	 0 	 0 	 0
2.50667e-06 	 -0.524 	 0 	 0 	 0
2.51333e-06 	 -0.523 	 0 	 0 	 0
2.52e-06 	 -0.522 	 0 	 0 	 0
2.52667e-06 	 -0.521 	 0 	 0 	 0
2.53333e-06 	 -0.52 	 0 	 0 	 0
2.54e-06 	 -0.519 	 0 	 0 	 0
2.54667e-06 	 -0.518 	 0 	 0 	 0
2.55333e-06 	 -0.517 	 0 	 0 	 0
2.56e-06 	 -0.516 	 0 	 0 	 0
2.56667e-06 	 -0.515 	 0 	 0 	 0
2.57333e-06 	 -0.514 	 0 	 0 	 0
2.58e-06 	 -0.513 	 0 	 0 	 0
2.58667e-06 	 -0.512 	 0 	 0 	 0
2.59333e-06 	 -0.511 	 0 	 0 	 0
2.6e-06 	 -0.51 	 0 	 0 	 0
2.60667e-06 	 -0.509 	 0 	 0 	 0
2.61333e-06 	 -0.508 	 0 	 0 	 0
2.62e-06 	 -0.507 	 0 	 0 	 0
2.62667e-06 	 -0.506 	 0 	 0 	 0
2.63333e-06 	 -0.505 	 0 	 0 	 0
2.64e-06 	 -0.504 	 0 	 0 	 0
2.64667e-06 	 -0.503 	 0 	 0 	 0
2.65333e-06 	 -0.502 	 0 	 0 	 0
2.66e-06 	 -0.501 	 0 	 0 	 0
2.66667e-06 	 -0.5 	 0 	 0 	 0
2.67333e-06 	 -0.499 	 0 	 0 	 0
2.68e-06 	 -0.498 	 0 	 0 	 0
2.68667e-06 	 -0.497 	 0 	 0 	 0
2.69333e-06 	 -0.496 	 0 	 0 	 0
2.7e-06 	 -0.495 	 0 	 0 	 0
2.70667e-06 	 -0.494 	 0 	 0 	 0
2.71333e-06 	 -0.493 	 0 	 0 	 0
2.72e-06 	 -0.492 	 0 	 0 	 0
2.72667e-06 	 -0.491 	 0 	 0 	 0
2.73333e-06 	 -0.49 	 0 	 0 	 0
2.74e-06 	 -0.489 	 0 	 0 	 0
2.74667e-06 	 -0.488 	 0 	 0 	 0
2.75333e-06 	 -0.487 	 0 	 0 	 0
2.76e-06 	 -0.486 	 0 	 0 	 0
2.76667e-06 	 -0.485 	 0 	 0 	 0
2.77333e-06 	 -0.484 	 0 	 0 	 0
2.78e-06 	 -0.483 	 0 	 0 	 0
2.78667e-06 	 -0.482 	 0 	 0 	 0
2.79333e-06 	 -0.481 	 0 	 0 	 0
2.8e-06 	 -0.48 	 0 	 0 	 0
2.80667e-06 	 -0.479 	 0 	 0 	 0
2.81333e-06 	 -0.478 	 0 	 0 	 0
2.82e-06 	 -0.477 	 0 	 0 	 0
2.82667e-06 	 -0.476 	 0 	 0 	 0
2.83333e-06 	 -0.475 	 0 	 0 	 0
2.84e-06 	 -0.474 	 0 	 0 	 0
2.84667e-06 	 -0.473 	 0 	 0 	 0
2.85333e-06 	 -0.472 	 0 	 0 	 0
2.86e-06 	 -0.471 	 0 	 0 	 0
2.86667e-06 	 -0.47 	 0 	 0 	 0
2.87333e-06 	 -0.469 	 0 	 0 	 0
2.88e-06 	 -0.468 	 0 	 0 	 0
2.88667e-06 	 -0.467 	 0 	 0 	 0
2.89333e-06 	 -0.466 	 0 	 0 	 0
2.9e-06 	 -0.465 	 0 	 0 	 0
2.90667e-06 	 -0.464 	 0 	 0 	 0
2.91333e-06 	 -0.463 	 0 	 0 	 0
2.92e-06 	 -0.462 	 0 	 0 	 0
2.92667e-06 	 -0.461 	 0 	 0 	 0
2.93333e-06 	 -0.46 	 0 	 0 	 0
2.94e-06 	 -0.459 	 0 	 0 	 0
2.94667e-06 	 -0.458 	 0 	 0 	 0
2.95333e-06 	 -0.457 	 0 	 0 	 0
2.96e-06 	 -0.456 	 0 	 0 	 0
2.96667e-06 	 -0.455 	 0 	 0 	 0
2.97333e-06 	 -0.454 	 0 	 0 	 0
2.98e-06 	 -0.453 	 0 	 0 	 0
2.98667e-06 	 -0.452 	 0 	 0 	 0
2.99333e-06 	 -0.451 	 0 	 0 	 0
3e-06 	 -0.45 	 0 	 0 	 0
3.00667e-06 	 -0.449 	 0 	 0 	 0
3.01333e-06 	 -0.448 	 0 	 0 	 0
3.02e-06 	 -0.447 	 0 	 0 	 0
3.02667e-06 	 -0.446 	 0 	 0 	 0
3.03333e-06 	 -0.445 	 0 	 0 	 0
3.04e-06 	 -0.444 	 0 	 0 	 0
3.04667e-06 	 -0.443 	 0 	 0 	 0
3.05333e-06 	 -0.442 	 0 	 0 	 0
3.06e-06 	 -0.441 	 0 	 0 	 0
3.06667e-06 	 -0.44 	 0 	 0 	 0
3.07333e-06 	 -0.439 	 0 	 0 	 0
3.08e-06 	 -0.438 	 0 	 0 	 0
3.08667e-06 	 -0.437 	 0 	 0 	 0
3.09333e-06 	 -0.436 	 0 	 0 	 0
3.1e-06 	 -0.435 	 0 	 0 	 0
3.10667e-06 	 -0.434 	 0 	 0 	 0
3.11333e-06 	 -0.433 	 0 	 0 	 0
3.12e-06 	 -0.432 	 0 	 0 	 0
3.12667e-06 	 -0.431 	 0 	 0 	 0
3.13333e-06 	 -0.43 	 0 	 0 	 0
3.14e-06 	 -0.429 	 0 	 0 	 0
3.14667e-06 	 -0.428 	 0 	 0 	 0
3.15333e-06 	 -0.427 	 0 	 0 	 0
3.16e-06 	 -0.426 	 0 	 0 	 0
3.16667e-06 	 -0.425 	 0 	 0 	 0
3.17333e-06 	 -0.424 	 0 	 0 	 0
3.18e-06 	 -0.423 	 0 	 0 	 0
3.18667e-06 	 -0.422 	 0 	 0 	 0
3.19333e-06 	 -0.421 	 0 	 0 	 0
3.2e-06 	 -0.42 	 0 	 0 	 0
3.20667e-06 	 -0.419 	 0 	 0 	 0
3.21333e-06 	 -0.418 	 0 	 0 	 0
3.22e-06 	 -0.417 	 0 	 0 	 0
3.22667e-06 	 -0.416 	 0 	 0 	 0
3.23333e-06 	 -0.415 	 0 	 0 	 0
3.24e-06 	 -0.414 	 0 	 0 	 0
3.24667e-06 	 -0.413 	 0 	 0 	 0
3.25333e-06 	 -0.412 	 0 	 0 	 0
3.26e-06 	 -0.411 	 0 	 0 	 0
3.26667e-06 	 -0.41 	 0 	 0 	 0
3.27333e-06 	 -0.409 	 0 	 0 	 0
3.28e-06 	 -0.408 	 0 	 0 	 0
3.28667e-06 	 -0.407 	 0 	 0 	 0
3.29333e-06 	 -0.406 	 0 	 0 	 0
3.3e-06 	 -0.405 	 0 	 0 	 0
3.30667e-06 	 -0.404 	 0 	 0 	 0
3.31333e-06 	 -0.403 	 0 	 0 	 0
3.32e-06 	 -0.402 	 0 	 0 	 0
3.32667e-06 	 -0.401 	 0 	 0 	 0
3.33333e-06 	 -0.4 	 0 	 0 	 0
3.34e-06 	 -0.399 	 0 	 0 	 0
3.34667e-06 	 -0.398 	 0 	 0 	 0
3.35333e-06 	 -0.397 	 0 	 0 	 0
3.36e-06 	 -0.396 	 0 	 0 	 0
3.36667e-06 	 -0.395 	 0 	 0 	 0
3.37333e-06 	 -0.394 	 0 	 0 	 0
3.38e-06 	 -0.393 	 0 	 0 	 0
3.38667e-06 	 -0.392 	 0 	 0 	 0
3.39333e-06 	 -0.391 	 0 	 0 	 0
3.4e-06 	 -0.39 	 0 	 0 	 0
3.40667e-06 	 -0.389 	 0 	 0 	 0
3.41333e-06 	 -0.388 	 0 	 0 	 0
3.42e-06 	 -0.387 	 0 	 0 	 0
3.42667e-06 	 -0.386 	 0 	 0 	 0
3.43333e-06 	 -0.385 	 0 	 0 	 0
3.44e-06 	 -0.384 	 0 	 0 	 0
3.44667e-06 	 -0.383 	 0 	 0 	 0
3.45333e-06 	 -0.382 	 0 	 0 	 0
3.46e-06 	 -0.381 	 0 	 0 	 0
3.46667e-06 	 -0.38 	 0 	 0 	 0
3.47333e-06 	 -0.379 	 0 	 0 	 0
3.48e-06 	 -0.378 	 0 	 0 	 0
3.48667e-06 	 -0.377 	 0 	 0 	 0
3.49333e-06 	 -0.376 	 0 	 0 	 0
3.5e-06 	 -0.375 	 0 	 0 	 0
3.50667e-06 	 -0.374 	 0 	 0 	 0
3.51333e-06 	 -0.373 	 0 	 0 	 0
3.52e-06 	 -0.372 	 0 	 0 	 0
3.52667e-06 	 -0.371 	 0 	 0 	 0
3.53333e-06 	 -0.37 	 0 	 0 	 0
3.54e-06 	 -0.369 	 0 	 0 	 0
3.54667e-06 	 -0.368 	 0 	 0 	 0
3.55333e-06 	 -0.367 	 0 	 0 	 0
3.56e-06 	 -0.366 	 0 	 0 	 0
3.56667e-06 	 -0.365 	 0 	 0 	 0
3.57333e-06 	 -0.364 	 0 	 0 	 0
3.58e-06 	 -0.363 	 0 	 0 	 0
3.58667e-06 	 -0.362 	 0 	 0 	 0
3.59333e-06 	 -0.361 	 0 	 0 	 0
3.6e-06 	 -0.36 	 0 	 0 	 0
3.60667e-06 	 -0.359 	 0 	 0 	 0
3.61333e-06 	 -0.358 	 0 	 0 	 0
3.62e-06 	 -0.357 	 0 	 0 	 0
3.62667e-06 	 -0.356 	 0 	 0 	 0
3.63333e-06 	 -0.355 	 0 	 0 	 0
3.64e-06 	 -0.354 	 0 	 0 	 0
3.64667e-06 	 -0.353 	 0 	 0 	 0
3.65333e-06 	 -0.352 	 0 	 0 	 0
3.66e-06 	 -0.351 	 0 	 0 	 0
3.66667e-06 	 -0.35 	 0 	 0 	 0
3.67333e-06 	 -0.349 	 0 	 0 	 0
3.68e-06 	 -0.348 	 0 	 0 	 0
3.68667e-06 	 -0.347 	 0 	 0 	 0
3.69333e-06 	 -0.346 	 0 	 0 	 0
3.7e-06 	 -0.345 	 0 	 0 	 0
3.70667e-06 	 -0.344 	 0 	 0 	 0
3.71333e-06 	 -0.343 	 0 	 0 	 0
3.72e-06 	 -0.342 	 0 	 0 	 0
3.72667e-06 	 -0.341 	 0 	 0 	 0
3.73333e-06 	 -0.34 	 0 	 0 	 0
3.74e-06 	 -0.339 	 0 	 0 	 0
3.74667e-06 	 -0.338 	 0 	 0 	 0
3.75333e-06 	 -0.337 	 0 	 0 	 0
3.76e-06 	 -0.336 	 0 	 0 	 0
3.76667e-06 	 -0.335 	 0 	 0 	 0
3.77333e-06 	 -0.334 	 0 	 0 	 0
3.78e-06 	 -0.333 	 0 	 0 	 0
3.78667e-06 	 -0.332 	 0 	 0 	 0
3.79333e-06 	 -0.331 	 0 	 0 	 0
3.8e-06 	 -0.33 	 0 	 0 	 0
3.80667e-06 	 -0.329 	 0 	 0 	 0
3.81333e-06 	 -0.328 	 0 	 0 	 0
3.82e-06 	 -0.327 	 0 	 0 	 0
3.82667e-06 	 -0.326 	 0 	 0 	 0
3.83333e-06 	 -0.325 	 0 	 0 	 0
3.84e-06 	 -0.324 	 0 	 0 	 0
3.84667e-06 	 -0.323 	 0 	 0 	 0
3.85333e-06 	 -0.322 	 0 	 0 	 0
3.86e-06 	 -0.321 	 0 	 0 	 0
3.86667e-06 	 -0.32 	 0 	 0 	 0
3.87333e-06 	 -0.319 	 0 	 0 	 0
3.88e-06 	 -0.318 	 0 	 0 	 0
3.88667e-06 	 -0.317 	 0 	 0 	 0
3.89333e-06 	 -0.316 	 0 	 0 	 0
3.9e-06 	 -0.315 	 0 	 0 	 0
3.90667e-06 	 -0.314 	 0 	 0 	 0
3.91333e-06 	 -0.313 	 0 	 0 	 0
3.92e-06 	 -0.312 	 0 	 0 	 0
3.92667e-06 	 -0.311 	 0 	 0 	 0
3.93333e-06 	 -0.31 	 0 	 0 	 0
3.94e-06 	 -0.309 	 0 	 0 	 0
3.94667e-06 	 -0.308 	 0 	 0 	 0
3.95333e-06 	 -0.307 	 0 	 0 	 0
3.96e-06 	 -0.306 	 0 	 0 	 0
3.96667e-06 	 -0.305 	 0 	 0 	 0
3.97333e-06 	 -0.304 	 0 	 0 	 0
3.98e-06 	 -0.303 	 0 	 0 	 0
3.98667e-06 	 -0.302 	 0 	 0 	 0
3.99333e-06 	 -0.301 	 0 	 0 	 0
4e-06 	 -0.3 	 0 	 0 	 0
4.00667e-06 	 -0.299 	 0 	 0 	 0
4.01333e-06 	 -0.298 	 0 	 0 	 0
4.02e-06 	 -0.297 	 0 	 0 	 0
4.02667e-06 	 -0.296 	 0 	 0 	 0
4.03333e-06 	 -0.295 	 0 	 0 	 0
4.04e-06 	 -0.294 	 0 	 0 	 0
4.04667e-06 	 -0.293 	 0 	 0 	 0
4.05333e-06 	 -0.292 	 0 	 0 	 0
4.06e-06 	 -0.291 	 0 	 0 	 0
4.06667e-06 	 -0.29 	 0 	 0 	 0
4.07333e-06 	 -0.289 	 0 	 0 	 0
4.08e-06 	 -0.288 	 0 	 0 	 0
4.08667e-06 	 -0.287 	 0 	 0 	 0
4.09333e-06 	 -0.286 	 0 	 0 	 0
4.1e-06 	 -0.285 	 0 	 0 	 0
4.10667e-06 	 -0.284 	 0 	 0 	 0
4.11333e-06 	 -0.283 	 0 	 0 	 0
4.12e-06 	 -0.282 	 0 	 0 	 0
4.12667e-06 	 -0.281 	 0 	 0 	 0
4.13333e-06 	 -0.28 	 0 	 0 	 0
4.14e-06 	 -0.279 	 0 	 0 	 0
4.14667e-06 	 -0.278 	 0 	 0 	 0
4.15333e-06 	 -0.277 	 0 	 0 	 0
4.16e-06 	 -0.276 	 0 	 0 	 0
4.16667e-06 	 -0.275 	 0 	 0 	 0
4.17333e-06 	 -0.274 	 0 	 0 	 0
4.18e-06 	 -0.273 	 0 	 0 	 0
4.18667e-06 	 -0.272 	 0 	 0 	 0
4.19333e-06 	 -0.271 	 0 	 0 	 0
4.2e-06 	 -0.27 	 0 	 0 	 0
4.20667e-06 	 -0.269 	 0 	 0 	 0
4.21333e-06 	 -0.268 	 0 	 0 	 0
4.22e-06 	 -0.267 	 0 	 0 	 0
4.22667e-06 	 -0.266 	 0 	 0 	 0
4.23333e-06 	 -0.265 	 0 	 0 	 0
4.24e-06 	 -0.264 	 0 	 0 	 0
4.24667e-06 	 -0.263 	 0 	 0 	 0
4.25333e-06 	 -0.262 	 0 	 0 	 0
4.26e-06 	 -0.261 	 0 	 0 	 0
4.26667e-06 	 -0.26 	 0 	 0 	 0
4.27333e-06 	 -0.259 	 0 	 0 	 0
4.28e-06 	 -0.258 	 0 	 0 	 0
4.28667e-06 	 -0.257 	 0 	 0 	 0
4.29333e-06 	 -0.256 	 0 	 0 	 0
4.3e-06 	 -0.255 	 0 	 0 	 0
4.30667e-06 	 -0.254 	 0 	 0 	 0
4.31333e-06 	 -0.253 	 0 	 0 	 0
4.32e-06 	 -0.252 	 0 	 0 	 0
4.32667e-06 	 -0.251 	 0 	 0 	 0
4.33333e-06 	 -0.25 	 0 	 0 	 0
4.34e-06 	 -0.249 	 0 	 0 	 0
4.34667e-06 	 -0.248 	 0 	 0 	 0
4.35333e-06 	 -0.247 	 0 	 0 	 0
4.36e-06 	 -0.246 	 0 	 0 	 0
4.36667e-06 	 -0.245 	 0 	 0 	 0
4.37333e-06 	 -0.244 	 0 	 0 	 0
4.38e-06 	 -0.243 	 0 	 0 	 0
4.38667e-06 	 -0.242 	 0 	 0 	 0
4.39333e-06 	 -0.241 	 0 	 0 	 0
4.4e-06 	 -0.24 	 0 	 0 	 0
4.40667e-06 	 -0.239 	 0 	 0 	 0
4.41333e-06 	 -0.238 	 0 	 0 	 0
4.42e-06 	 -0.237 	 0 	 0 	 0
4.42667e-06 	 -0.236 	 0 	 0 	 0
4.43333e-06 	 -0.235 	 0 	 0 	 0
4.44e-06 	 -0.234 	 0 	 0 	 0
4.44667e-06 	 -0.233 	 0 	 0 	 0
4.45333e-06 	 -0.232 	 0 	 0 	 0
4.46e-06 	 -0.231 	 0 	 0 	 0
4.46667e-06 	 -0.23 	 0 	 0 	 0
4.47333e-06 	 -0.229 	 0 	 0 	 0
4.48e-06 	 -0.228 	 0 	 0 	 0
4.48667e-06 	 -0.227 	 0 	 0 	 0
4.49333e-06 	 -0.226 	 0 	 0 	 0
4.5e-06 	 -0.225 	 0 	 0 	 0
4.50667e-06 	 -0.224 	 0 	 0 	 0
4.51333e-06 	 -0.223 	 0 	 0 	 0
4.52e-06 	 -0.222 	 0 	 0 	 0
4.52667e-06 	 -0.221 	 0 	 0 	 0
4.53333e-06 	 -0.22 	 0 	 0 	 0
4.54e-06 	 -0.219 	 0 	 0 	 0
4.54667e-06 	 -0.218 	 0 	 0 	 0
4.55333e-06 	 -0.217 	 0 	 0 	 0
4.56e-06 	 -0.216 	 0 	 0 	 0
4.56667e-06 	 -0.215 	 0 	 0 	 0
4.57333e-06 	 -0.214 	 0 	 0 	 0
4.58e-06 	 -0.213 	 0 	 0 	 0
4.58667e-06 	 -0.212 	 0 	 0 	 0
4.59333e-06 	 -0.211 	 0 	 0 	 0
4.6e-06 	 -0.21 	 0 	 0 	 0
4.60667e-06 	 -0.209 	 0 	 0 	 0
4.61333e-06 	 -0.208 	 0 	 0 	 0
4.62e-06 	 -0.207 	 0 	 0 	 0
4.62667e-06 	 -0.206 	 0 	 0 	 0
4.63333e-06 	 -0.205 	 0 	 0 	 0
4.64e-06 	 -0.204 	 0 	 0 	 0
4.64667e-06 	 -0.203 	 0 	 0 	 0
4.65333e-06 	 -0.202 	 0 	 0 	 0
4.66e-06 	 -0.201 	 0 	 0 	 0
4.66667e-06 	 -0.2 	 0 	 0 	 0
4.67333e-06 	 -0.199 	 0 	 0 	 0
4.68e-06 	 -0.198 	 0 	 0 	 0
4.68667e-06 	 -0.197 	 0 	 0 	 0
4.69333e-06 	 -0.196 	 0 	 0 	 0
4.7e-06 	 -0.195 	 0 	 0 	 0
4.70667e-06 	 -0.194 	 0 	 0 	 0
4.71333e-06 	 -0.193 	 0 	 0 	 0
4.72e-06 	 -0.192 	 0 	 0 	 0
4.72667e-06 	 -0.191 	 0 	 0 	 0
4.73333e-06 	 -0.19 	 0 	 0 	 0
4.74e-06 	 -0.189 	 0 	 0 	 0
4.74667e-06 	 -0.188 	 0 	 0 	 0
4.75333e-06 	 -0.187 	 0 	 0 	 0
4.76e-06 	 -0.186 	 0 	 0 	 0
4.76667e-06 	 -0.185 	 0 	 0 	 0
4.77333e-06 	 -0.184 	 0 	 0 	 0
4.78e-06 	 -0.183 	 0 	 0 	 0
4.78667e-06 	 -0.182 	 0 	 0 	 0
4.79333e-06 	 -0.181 	 0 	 0 	 0
4.8e-06 	 -0.18 	 0 	 0 	 0
4.80667e-06 	 -0.179 	 0 	 0 	 0
4.81333e-06 	 -0.178 	 0 	 0 	 0
4.82e-06 	 -0.177 	 0 	 0 	 0
4.82667e-06 	 -0.176 	 0 	 0 	 0
4.83333e-06 	 -0.175 	 0 	 0 	 0
4.84e-06 	 -0.174 	 0 	 0 	 0
4.84667e-06 	 -0.173 	 0 	 0 	 0
4.85333e-06 	 -0.172 	 0 	 0 	 0
4.86e-06 	 -0.171 	 0 	 0 	 0
4.86667e-06 	 -0.17 	 0 	 0 	 0
4.87333e-06 	 -0.169 	 0 	 0 	 0
4.88e-06 	 -0.168 	 0 	 0 	 0
4.88667e-06 	 -0.167 	 0 	 0 	 0
4.89333e-06 	 -0.166 	 0 	 0 	 0
4.9e-06 	 -0.165 	 0 	 0 	 0
4.90667e-06 	 -0.164 	 0 	 0 	 0
4.91333e-06 	 -0.163 	 0 	 0 	 0
4.92e-06 	 -0.162 	 0 	 0 	 0
4.92667e-06 	 -0.161 	 0 	 0 	 0
4.93333e-06 	 -0.16 	 0 	 0 	 0
4.94e-06 	 -0.159 	 0 	 0 	 0
4.94667e-06 	 -0.158 	 0 	 0 	 0
4.95333e-06 	 -0.157 	 0 	 0 	 0
4.96e-06 	 -0.156 	 0 	 0 	 0
4.96667e-06 	 -0.155 	 0 	 0 	 0
4.97333e-06 	 -0.154 	 0 	 0 	 0
4.98e-06 	 -0.153 	 0 	 0 	 0
4.98667e-06 	 -0.152 	 0 	 0 	 0
4.99333e-06 	 -0.151 	 0 	 0 	 0
5e-06 	 -0.15 	 0 	 0 	 0
5.00667e-06 	 -0.149 	 0 	 0 	 0
5.01333e-06 	 -0.148 	 0 	 0 	 0
5.02e-06 	 -0.147 	 0 	 0 	 0
5.02667e-06 	 -0.146 	 0 	 0 	 0
5.03333e-06 	 -0.145 	 0 	 0 	 0
5.04e-06 	 -0.144 	 0 	 0 	 0
5.04667e-06 	 -0.143 	 0 	 0 	 0
5.05333e-06 	 -0.142 	 0 	 0 	 0
5.06e-06 	 -0.141 	 0 	 0 	 0
5.06667e-06 	 -0.14 	 0 	 0 	 0
5.07333e-06 	 -0.139 	 0 	 0 	 0
5.08e-06 	 -0.138 	 0 	 0 	 0
5.08667e-06 	 -0.137 	 0 	 0 	 0
5.09333e-06 	 -0.136 	 0 	 0 	 0
5.1e-06 	 -0.135 	 0 	 0 	 0
5.10667e-06 	 -0.134 	 0 	 0 	 0
5.11333e-06 	 -0.133 	 0 	 0 	 0
5.12e-06 	 -0.132 	 0 	 0 	 0
5.12667e-06 	 -0.131 	 0 	 0 	 0
5.13333e-06 	 -0.13 	 0 	 0 	 0
5.14e-06 	 -0.129 	 0 	 0 	 0
5.14667e-06 	 -0.128 	 0 	 0 	 0
5.15333e-06 	 -0.127 	 0 	 0 	 0
5.16e-06 	 -0.126 	 0 	 0 	 0
5.16667e-06 	 -0.125 	 0 	 0 	 0
5.17333e-06 	 -0.124 	 0 	 0 	 0
5.18e-06 	 -0.123 	 0 	 0 	 0
5.18667e-06 	 -0.122 	 0 	 0 	 0
5.19333e-06 	 -0.121 	 0 	 0 	 0
5.2e-06 	 -0.12 	 0 	 0 	 0
5.20667e-06 	 -0.119 	 0 	 0 	 0
5.21333e-06 	 -0.118 	 0 	 0 	 0
5.22e-06 	 -0.117 	 0 	 0 	 0
5.22667e-06 	 -0.116 	 0 	 0 	 0
5.23333e-06 	 -0.115 	 0 	 0 	 0
5.24e-06 	 -0.114 	 0 	 0 	 0
5.24667e-06 	 -0.113 	 0 	 0 	 0
5.25333e-06 	 -0.112 	 0 	 0 	 0
5.26e-06 	 -0.111 	 0 	 0 	 0
5.26667e-06 	 -0.11 	 0 	 0 	 0
5.27333e-06 	 -0.109 	 0 	 0 	 0
5.28e-06 	 -0.108 	 0 	 0 	 0
5.28667e-06 	 -0.107 	 0 	 0 	 0
5.29333e-06 	 -0.106 	 0 	 0 	 0
5.3e-06 	 -0.105 	 0 	 0 	 0
5.30667e-06 	 -0.104 	 0 	 0 	 0
5.31333e-06 	 -0.103 	 0 	 0 	 0
5.32e-06 	 -0.102 	 0 	 0 	 0
5.32667e-06 	 -0.101 	 0 	 0 	 0
5.33333e-06 	 -0.1 	 0 	 0 	 0
5.34e-06 	 -0.099 	 0 	 0 	 0
5.34667e-06 	 -0.098 	 0 	 0 	 0
5.35333e-06 	 -0.097 	 0 	 0 	 0
5.36e-06 	 -0.096 	 0 	 0 	 0
5.36667e-06 	 -0.095 	 0 	 0 	 0
5.37333e-06 	 -0.094 	 0 	 0 	 0
5.38e-06 	 -0.093 	 0 	 0 	 0
5.38667e-06 	 -0.092 	 0 	 0 	 0
5.39333e-06 	 -0.091 	 0 	 0 	 0
5.4e-06 	 -0.09 	 0 	 0 	 0
5.40667e-06 	 -0.089 	 0 	 0 	 0
5.41333e-06 	 -0.088 	 0 	 0 	 0
5.42e-06 	 -0.087 	 0 	 0 	 0
5.42667e-06 	 -0.086 	 0 	 0 	 0
5.43333e-06 	 -0.085 	 0 	 0 	 0
5.44e-06 	 -0.084 	 0 	 0 	 0
5.44667e-06 	 -0.083 	 0 	 0 	 0
5.45333e-06 	 -0.082 	 0 	 0 	 0
5.46e-06 	 -0.081 	 0 	 0 	 0
5.46667e-06 	 -0.08 	 0 	 0 	 0
5.47333e-06 	 -0.079 	 0 	 0 	 0
5.48e-06 	 -0.078 	 0 	 0 	 0
5.48667e-06 	 -0.077 	 0 	 0 	 0
5.49333e-06 	 -0.076 	 0 	 0 	 0
5.5e-06 	 -0.075 	 0 	 0 	 0
5.50667e-06 	 -0.074 	 0 	 0 	 0
5.51333e-06 	 -0.073 	 0 	 0 	 0
5.52e-06 	 -0.072 	 0 	 0 	 0
5.52667e-06 	 -0.071 	 0 	 0 	 0
5.53333e-06 	 -0.07 	 0 	 0 	 0
5.54e-06 	 -0.069 	 0 	 0 	 0
5.54667e-06 	 -0.068 	 0 	 0 	 0
5.55333e-06 	 -0.067 	 0 	 0 	 0
5.56e-06 	 -0.066 	 0 	 0 	 0
5.56667e-06 	 -0.065 	 0 	 0 	 0
5.57333e-06 	 -0.064 	 0 	 0 	 0
5.58e-06 	 -0.063 	 0 	 0 	 0
5.58667e-06 	 -0.062 	 0 	 0 	 0
5.59333e-06 	 -0.061 	 0 	 0 	 0
5.6e-06 	 -0.06 	 0 	 0 	 0
5.60667e-06 	 -0.059 	 0 	 0 	 0
5.61333e-06 	 -0.058 	 0 	 0 	 0
5.62e-06 	 -0.057 	 0 	 0 	 0
5.62667e-06 	 -0.056 	 0 	 0 	 0
5.63333e-06 	 -0.055 	 0 	 0 	 0
5.64e-06 	 -0.054 	 0 	 0 	 0
5.64667e-06 	 -0.053 	 0 	 0 	 0
5.65333e-06 	 -0.052 	 0 	 0 	 0
5.66e-06 	 -0.051 	 0 	 0 	 0
5.66667e-06 	 -0.05 	 0 	 0 	 0
5.67333e-06 	 -0.049 	 0 	 0 	 0
5.68e-06 	 -0.048 	 0 	 0 	 0
5.68667e-06 	 -0.047 	 0 	 0 	 0
5.69333e-06 	 -0.046 	 0 	 0 	 0
5.7e-06 	 -0.045 	 0 	 0 	 0
5.70667e-06 	 -0.044 	 0 	 0 	 0
5.71333e-06 	 -0.043 	 0 	 0 	 0
5.72e-06 	 -0.042 	 0 	 0 	 0
5.72667e-06 	 -0.041 	 0 	 0 	 0
5.73333e-06 	 -0.04 	 0 	 0 	 0
5.74e-06 	 -0.039 	 0 	 0 	 0
5.74667e-06 	 -0.038 	 0 	 0 	 0
5.75333e-06 	 -0.037 	 0 	 0 	 0
5.76e-06 	 -0.036 	 0 	 0 	 0
5.76667e-06 	 -0.035 	 0 	 0 	 0
5.77333e-06 	 -0.034 	 0 	 0 	 0
5.78e-06 	 -0.033 	 0 	 0 	 0
5.78667e-06 	 -0.032 	 0 	 0 	 0
5.79333e-06 	 -0.031 	 0 	 0 	 0
5.8e-06 	 -0.03 	 0 	 0 	 0
5.80667e-06 	 -0.029 	 0 	 0 	 0
5.81333e-06 	 -0.028 	 0 	 0 	 0
5.82e-06 	 -0.027 	 0 	 0 	 0
5.82667e-06 	 -0.026 	 0 	 0 	 0
5.83333e-06 	 -0.025 	 0 	 0 	 0
5.84e-06 	 -0.024 	 0 	 0 	 0
5.84667e-06 	 -0.023 	 0 	 0 	 0
5.85333e-06 	 -0.022 	 0 	 0 	 0
5.86e-06 	 -0.021 	 0 	 0 	 0
5.86667e-06 	 -0.02 	 0 	 0 	 0
5.87333e-06 	 -0.019 	 0 	 0 	 0
5.88e-06 	 -0.018 	 0 	 0 	 0
5.88667e-06 	 -0.017 	 0 	 0 	 0
5.89333e-06 	 -0.016 	 0 	 0 	 0
5.9e-06 	 -0.015 	 0 	 0 	 0
5.90667e-06 	 -0.014 	 0 	 0 	 0
5.91333e-06 	 -0.013 	 0 	 0 	 0
5.92e-06 	 -0.012 	 0 	 0 	 0
5.92667e-06 	 -0.011 	 0 	 0 	 0
5.93333e-06 	 -0.01 	 0 	 0 	 0
5.94e-06 	 -0.009 	 0 	 0 	 0
5.94667e-06 	 -0.008 	 0 	 0 	 0
5.95333e-06 	 -0.007 	 0 	 0 	 0
5.96e-06 	 -0.006 	 0 	 0 	 0
5.96667e-06 	 -0.005 	 0 	 0 	 0
5.97333e-06 	 -0.004 	 0 	 0 	 0
5.98e-06 	 -0.003 	 0 	 0.219726 	 0
5.98667e-06 	 -0.002 	 0 	 0.658626 	 1.38443e-05
5.99333e-06 	 -0.001 	 0 	 1.09614 	 6.91865e-05
6e-06 	 0 	 0.00206672 	 1.53326 	 0.000179749
6.00667e-06 	 0.001 	 0.00206383 	 1.74545 	 0.000345419
6.01333e-06 	 0.002 	 0.00206094 	 1.71915 	 0.000552
6.02e-06 	 0.003 	 0.00205805 	 1.66364 	 0.000770295
6.02667e-06 	 0.004 	 0.00205518 	 1.57098 	 0.000983434
6.03333e-06 	 0.005 	 0.0020523 	 1.43387 	 0.00118724
6.04e-06 	 0.006 	 0.00204943 	 1.27866 	 0.00137656
6.04667e-06 	 0.007 	 0.00204656 	 1.12108 	 0.00154747
6.05333e-06 	 0.008 	 0.0020437 	 0.957948 	 0.00169867
6.06e-06 	 0.009 	 0.00204084 	 0.808622 	 0.00182967
6.06667e-06 	 0.01 	 0.00203798 	 0.677294 	 0.00194097
6.07333e-06 	 0.011 	 0.00203513 	 0.555413 	 0.0020346
6.08e-06 	 0.012 	 0.00203229 	 0.44144 	 0.00211226
6.08667e-06 	 0.013 	 0.00202944 	 0.360133 	 0.00217507
6.09333e-06 	 0.014 	 0.0020266 	 0.285105 	 0.00222558
6.1e-06 	 0.015 	 0.00202377 	 0.212007 	 0.00226623
6.10667e-06 	 0.016 	 0.00202094 	 0.166524 	 0.00229755
6.11333e-06 	 0.017 	 0.00201811 	 0.122667 	 0.0023214
6.12e-06 	 0.018 	 0.00201529 	 0.083335 	 0.00233963
6.12667e-06 	 0.019 	 0.00201247 	 0.0571897 	 0.00235261
6.13333e-06 	 0.02 	 0.00200965 	 0.0408444 	 0.00236146
6.14e-06 	 0.021 	 0.00200684 	 0.018834 	 0.00236764
6.14667e-06 	 0.022 	 0.00200403 	 0.00172423 	 0.0023714
6.15333e-06 	 0.023 	 0.00200123 	 -0.00680415 	 0.00237269
6.16e-06 	 0.024 	 0.00199843 	 -0.0200634 	 0.00237237
6.16667e-06 	 0.025 	 0.00199563 	 -0.024701 	 0.00237068
6.17333e-06 	 0.026 	 0.00199284 	 -0.0247633 	 0.00236786
6.18e-06 	 0.027 	 0.00199005 	 -0.0345382 	 0.00236474
6.18667e-06 	 0.028 	 0.00198727 	 -0.0347248 	 0.00236101
6.19333e-06 	 0.029 	 0.00198449 	 -0.0366178 	 0.00235664
6.2e-06 	 0.03 	 0.00198171 	 -0.0465401 	 0.00235215
6.20667e-06 	 0.031 	 0.00197894 	 -0.043057 	 0.00234691
6.21333e-06 	 0.032 	 0.00197617 	 -0.043834 	 0.00234126
6.22e-06 	 0.033 	 0.00197341 	 -0.0462494 	 0.00233579
6.22667e-06 	 0.034 	 0.00197065 	 -0.037977 	 0.00233011
6.23333e-06 	 0.035 	 0.00196789 	 -0.0408756 	 0.0023248
6.24e-06 	 0.036 	 0.00196514 	 -0.0468777 	 0.00231984
6.24667e-06 	 0.037 	 0.00196239 	 -0.0459335 	 0.00231431
6.25333e-06 	 0.038 	 0.00195964 	 -0.0468999 	 0.00230846
6.26e-06 	 0.039 	 0.0019569 	 -0.0448226 	 0.00230261
6.26667e-06 	 0.04 	 0.00195416 	 -0.0431696 	 0.00229683
6.27333e-06 	 0.041 	 0.00195143 	 -0.038157 	 0.00229129
6.28e-06 	 0.042 	 0.0019487 	 -0.0511767 	 0.00228616
6.28667e-06 	 0.043 	 0.00194597 	 -0.0476381 	 0.00228053
6.29333e-06 	 0.044 	 0.00194325 	 -0.0427303 	 0.00227431
6.3e-06 	 0.045 	 0.00194053 	 -0.052794 	 0.00226861
6.30667e-06 	 0.046 	 0.00193782 	 -0.0352734 	 0.00226259
6.31333e-06 	 0.047 	 0.0019351 	 -0.0416229 	 0.00225705
6.32e-06 	 0.048 	 0.0019324 	 -0.0461672 	 0.0022522
6.32667e-06 	 0.049 	 0.00192969 	 -0.0422396 	 0.00224667
6.33333e-06 	 0.05 	 0.00192699 	 -0.0508646 	 0.0022411
6.34e-06 	 0.051 	 0.0019243 	 -0.0419062 	 0.00223523
6.34667e-06 	 0.052 	 0.00192161 	 -0.0402436 	 0.00222939
6.35333e-06 	 0.053 	 0.00191892 	 -0.0446942 	 0.00222421
6.36e-06 	 0.054 	 0.00191623 	 -0.0437837 	 0.00221886
6.36667e-06 	 0.055 	 0.00191355 	 -0.0431479 	 0.00221329
6.37333e-06 	 0.056 	 0.00191087 	 -0.0413218 	 0.00220781
6.38e-06 	 0.057 	 0.0019082 	 -0.0418519 	 0.00220249
6.38667e-06 	 0.058 	 0.00190553 	 -0.0418648 	 0.00219725
6.39333e-06 	 0.059 	 0.00190287 	 -0.0429167 	 0.00219197
6.4e-06 	 0.06 	 0.0019002 	 -0.0490493 	 0.00218663
6.40667e-06 	 0.061 	 0.00189755 	 -0.0450063 	 0.00218083
6.41333e-06 	 0.062 	 0.00189489 	 -0.0412345 	 0.00217491
6.42e-06 	 0.063 	 0.00189224 	 -0.0410239 	 0.00216947
6.42667e-06 	 0.064 	 0.00188959 	 -0.0372276 	 0.00216429
6.43333e-06 	 0.065 	 0.00188695 	 -0.0411596 	 0.00215936
6.44e-06 	 0.066 	 0.00188431 	 -0.0401434 	 0.00215442
6.44667e-06 	 0.067 	 0.00188167 	 -0.0486755 	 0.0021493
6.45333e-06 	 0.068 	 0.00187904 	 -0.0462428 	 0.0021437
6.46e-06 	 0.069 	 0.00187641 	 -0.0336776 	 0.00213772
6.46667e-06 	 0.07 	 0.00187379 	 -0.0434733 	 0.00213269
6.47333e-06 	 0.071 	 0.00187116 	 -0.0398064 	 0.00212783
6.48e-06 	 0.072 	 0.00186855 	 -0.0396798 	 0.00212258
6.48667e-06 	 0.073 	 0.00186593 	 -0.0443709 	 0.00211757
6.49333e-06 	 0.074 	 0.00186332 	 -0.0391468 	 0.00211228
6.5e-06 	 0.075 	 0.00186072 	 -0.04023 	 0.00210701
6.50667e-06 	 0.076 	 0.00185811 	 -0.0404157 	 0.00210201
6.51333e-06 	 0.077 	 0.00185551 	 -0.044665 	 0.00209693
6.52e-06 	 0.078 	 0.00185292 	 -0.0421401 	 0.00209157
6.52667e-06 	 0.079 	 0.00185032 	 -0.0359877 	 0.0020861
6.53333e-06 	 0.08 	 0.00184774 	 -0.0388114 	 0.00208118
6.54e-06 	 0.081 	 0.00184515 	 -0.0402514 	 0.00207646
6.54667e-06 	 0.082 	 0.00184257 	 -0.039909 	 0.00207148
6.55333e-06 	 0.083 	 0.00183999 	 -0.0422905 	 0.00206643
6.56e-06 	 0.084 	 0.00183742 	 -0.0377738 	 0.00206125
6.56667e-06 	 0.085 	 0.00183485 	 -0.039489 	 0.00205621
6.57333e-06 	 0.086 	 0.00183228 	 -0.040968 	 0.00205134
6.58e-06 	 0.087 	 0.00182972 	 -0.0392449 	 0.00204627
6.58667e-06 	 0.088 	 0.00182716 	 -0.0445579 	 0.00204122
6.59333e-06 	 0.089 	 0.0018246 	 -0.039076 	 0.00203594
6.6e-06 	 0.09 	 0.00182205 	 -0.0375315 	 0.00203067
6.60667e-06 	 0.091 	 0.0018195 	 -0.0329622 	 0.00202584
6.61333e-06 	 0.092 	 0.00181695 	 -0.0378591 	 0.0020214
6.62e-06 	 0.093 	 0.00181441 	 -0.0405643 	 0.00201694
6.62667e-06 	 0.094 	 0.00181187 	 -0.0372444 	 0.002012
6.63333e-06 	 0.095 	 0.00180934 	 -0.0473164 	 0.00200709
6.64e-06 	 0.096 	 0.00180681 	 -0.0344538 	 0.00200177
6.64667e-06 	 0.097 	 0.00180428 	 -0.0321718 	 0.00199661
6.65333e-06 	 0.098 	 0.00180175 	 -0.0424126 	 0.00199242
6.66e-06 	 0.099 	 0.00179923 	 -0.0380647 	 0.00198772
6.66667e-06 	 0.1 	 0.00179672 	 -0.0408566 	 0.00198265
6.67333e-06 	 0.101 	 0.0017942 	 -0.040575 	 0.00197767
6.68e-06 	 0.102 	 0.00179169 	 -0.0315797 	 0.00197254
6.68667e-06 	 0.103 	 0.00178919 	 -0.0360836 	 0.001968
6.69333e-06 	 0.104 	 0.00178668 	 -0.0391344 	 0.00196373
6.7e-06 	 0.105 	 0.00178418 	 -0.0359011 	 0.00195899
6.70667e-06 	 0.106 	 0.00178169 	 -0.0408343 	 0.00195427
6.71333e-06 	 0.107 	 0.0017792 	 -0.0366238 	 0.00194943
6.72e-06 	 0.108 	 0.00177671 	 -0.0371854 	 0.00194455
6.72667e-06 	 0.109 	 0.00177422 	 -0.0385658 	 0.0019399
6.73333e-06 	 0.11 	 0.00177174 	 -0.034898 	 0.00193513
6.74e-06 	 0.111 	 0.00176926 	 -0.039116 	 0.0019305
6.74667e-06 	 0.112 	 0.00176678 	 -0.0353029 	 0.00192584
6.75333e-06 	 0.113 	 0.00176431 	 -0.0327498 	 0.00192115
6.76e-06 	 0.114 	 0.00176184 	 -0.039713 	 0.00191686
6.76667e-06 	 0.115 	 0.00175938 	 -0.0341405 	 0.00191229
6.77333e-06 	 0.116 	 0.00175692 	 -0.0377834 	 0.00190764
6.78e-06 	 0.117 	 0.00175446 	 -0.0425819 	 0.00190311
6.78667e-06 	 0.118 	 0.00175201 	 -0.029763 	 0.00189804
6.79333e-06 	 0.119 	 0.00174955 	 -0.0370479 	 0.00189349
6.8e-06 	 0.12 	 0.00174711 	 -0.0349838 	 0.00188928
6.80667e-06 	 0.121 	 0.00174466 	 -0.0318385 	 0.00188474
6.81333e-06 	 0.122 	 0.00174222 	 -0.0414622 	 0.00188053
6.82e-06 	 0.123 	 0.00173978 	 -0.0338412 	 0.00187591
6.82667e-06 	 0.124 	 0.00173735 	 -0.0357441 	 0.00187116
6.83333e-06 	 0.125 	 0.00173492 	 -0.0365314 	 0.00186678
6.84e-06 	 0.126 	 0.00173249 	 -0.0329615 	 0.00186223
6.84667e-06 	 0.127 	 0.00173007 	 -0.0370248 	 0.00185785
6.85333e-06 	 0.128 	 0.00172765 	 -0.0332021 	 0.00185344
6.86e-06 	 0.129 	 0.00172523 	 -0.035559 	 0.00184901
6.86667e-06 	 0.13 	 0.00172282 	 -0.0361132 	 0.00184468
6.87333e-06 	 0.131 	 0.00172041 	 -0.0335889 	 0.00184017
6.88e-06 	 0.132 	 0.001718 	 -0.0364023 	 0.00183577
6.88667e-06 	 0.133 	 0.0017156 	 -0.0350485 	 0.00183136
6.89333e-06 	 0.134 	 0.0017132 	 -0.0332391 	 0.00182686
6.9e-06 	 0.135 	 0.0017108 	 -0.0351549 	 0.00182256
6.90667e-06 	 0.136 	 0.00170841 	 -0.0345678 	 0.00181825
6.91333e-06 	 0.137 	 0.00170602 	 -0.0303203 	 0.00181386
6.92e-06 	 0.138 	 0.00170363 	 -0.0341827 	 0.00180977
6.92667e-06 	 0.139 	 0.00170125 	 -0.0344233 	 0.0018057
6.93333e-06 	 0.14 	 0.00169887 	 -0.0363541 	 0.00180138
6.94e-06 	 0.141 	 0.00169649 	 -0.0346744 	 0.00179692
6.94667e-06 	 0.142 	 0.00169412 	 -0.0331411 	 0.00179245
6.95333e-06 	 0.143 	 0.00169175 	 -0.035829 	 0.00178817
6.96e-06 	 0.144 	 0.00168938 	 -0.0290582 	 0.00178383
6.96667e-06 	 0.145 	 0.00168702 	 -0.0356441 	 0.00177974
6.97333e-06 	 0.146 	 0.00168466 	 -0.0368975 	 0.00177566
6.98e-06 	 0.147 	 0.0016823 	 -0.0308184 	 0.00177109
6.98667e-06 	 0.148 	 0.00167995 	 -0.0336263 	 0.00176683
6.99333e-06 	 0.149 	 0.00167759 	 -0.0333647 	 0.00176277
7e-06 	 0.15 	 0.00167525 	 -0.0299417 	 0.00175854
7.00667e-06 	 0.151 	 0.0016729 	 -0.0307921 	 0.00175456
7.01333e-06 	 0.152 	 0.00167056 	 -0.0336972 	 0.00175073
7.02e-06 	 0.153 	 0.00166823 	 -0.035721 	 0.00174667
7.02667e-06 	 0.154 	 0.00166589 	 -0.0314094 	 0.00174229
7.03333e-06 	 0.155 	 0.00166356 	 -0.032636 	 0.00173806
7.04e-06 	 0.156 	 0.00166123 	 -0.0353517 	 0.00173403
7.04667e-06 	 0.157 	 0.00165891 	 -0.0284047 	 0.00172974
7.05333e-06 	 0.158 	 0.00165659 	 -0.0354141 	 0.00172573
7.06e-06 	 0.159 	 0.00165427 	 -0.0349236 	 0.00172171
7.06667e-06 	 0.16 	 0.00165196 	 -0.0264726 	 0.00171727
7.07333e-06 	 0.161 	 0.00164965 	 -0.0313184 	 0.00171341
7.08e-06 	 0.162 	 0.00164734 	 -0.0334932 	 0.00170976
7.08667e-06 	 0.163 	 0.00164503 	 -0.031449 	 0.00170568
7.09333e-06 	 0.164 	 0.00164273 	 -0.0340562 	 0.00170159
7.1e-06 	 0.165 	 0.00164043 	 -0.0312734 	 0.00169746
7.10667e-06 	 0.166 	 0.00163814 	 -0.0308299 	 0.00169334
7.11333e-06 	 0.167 	 0.00163585 	 -0.0302319 	 0.00168943
7.12e-06 	 0.168 	 0.00163356 	 -0.0283569 	 0.00168558
7.12667e-06 	 0.169 	 0.00163127 	 -0.0352213 	 0.00168189
7.13333e-06 	 0.17 	 0.00162899 	 -0.0290917 	 0.00167789
7.14e-06 	 0.171 	 0.00162671 	 -0.0310178 	 0.00167384
7.14667e-06 	 0.172 	 0.00162444 	 -0.0382081 	 0.00167005
7.15333e-06 	 0.173 	 0.00162216 	 -0.0266057 	 0.00166569
7.16e-06 	 0.174 	 0.00161989 	 -0.0301875 	 0.0016616
7.16667e-06 	 0.175 	 0.00161763 	 -0.0328293 	 0.00165802
7.17333e-06 	 0.176 	 0.00161537 	 -0.0265813 	 0.00165405
7.18e-06 	 0.177 	 0.00161311 	 -0.0323459 	 0.00165031
7.18667e-06 	 0.178 	 0.00161085 	 -0.0338034 	 0.0016466
7.19333e-06 	 0.179 	 0.0016086 	 -0.0313244 	 0.00164243
7.2e-06 	 0.18 	 0.00160634 	 -0.0306488 	 0.00163833
7.20667e-06 	 0.181 	 0.0016041 	 -0.0289741 	 0.00163442
7.21333e-06 	 0.182 	 0.00160185 	 -0.0278871 	 0.00163066
7.22e-06 	 0.183 	 0.00159961 	 -0.0275082 	 0.00162708
7.22667e-06 	 0.184 	 0.00159737 	 -0.0282267 	 0.00162359
7.23333e-06 	 0.185 	 0.00159514 	 -0.033509 	 0.00162008
7.24e-06 	 0.186 	 0.00159291 	 -0.0314884 	 0.00161619
7.24667e-06 	 0.187 	 0.00159068 	 -0.0295181 	 0.00161209
7.25333e-06 	 0.188 	 0.00158845 	 -0.0313362 	 0.00160825
7.26e-06 	 0.189 	 0.00158623 	 -0.0273952 	 0.00160442
7.26667e-06 	 0.19 	 0.00158401 	 -0.0288675 	 0.00160072
7.27333e-06 	 0.191 	 0.0015818 	 -0.0291803 	 0.00159717
7.28e-06 	 0.192 	 0.00157958 	 -0.0293497 	 0.00159351
7.28667e-06 	 0.193 	 0.00157737 	 -0.0316978 	 0.00158983
7.29333e-06 	 0.194 	 0.00157517 	 -0.0286844 	 0.00158598
7.3e-06 	 0.195 	 0.00157296 	 -0.0302024 	 0.00158218
7.30667e-06 	 0.196 	 0.00157076 	 -0.0293863 	 0.00157847
7.31333e-06 	 0.197 	 0.00156856 	 0.867677 	 0.00157471
7.32e-06 	 0.198 	 0.00156637 	 2.64139 	 0.00162753
7.32667e-06 	 0.199 	 0.00156418 	 4.39045 	 0.00184862
7.33333e-06 	 0.2 	 0.00996534 	 6.12101 	 0.00229168
7.34e-06 	 0.201 	 0.00987606 	 6.8611 	 0.00295397
7.34667e-06 	 0.202 	 0.00978757 	 6.55182 	 0.00377194
7.35333e-06 	 0.203 	 0.00969988 	 6.05772 	 0.00461705
7.36e-06 	 0.204 	 0.00961297 	 5.36533 	 0.00541154
7.36667e-06 	 0.205 	 0.00952684 	 4.56994 	 0.00613127
7.37333e-06 	 0.206 	 0.00944149 	 3.74034 	 0.00675726
7.38e-06 	 0.207 	 0.0093569 	 2.95825 	 0.00728086
7.38667e-06 	 0.208 	 0.00927306 	 2.26331 	 0.00770292
7.39333e-06 	 0.209 	 0.00918998 	 1.65638 	 0.00803192
7.4e-06 	 0.21 	 0.00910764 	 1.16683 	 0.00827888
7.40667e-06 	 0.211 	 0.00902604 	 0.762576 	 0.00845677
7.41333e-06 	 0.212 	 0.00894517 	 0.421019 	 0.00857833
7.42e-06 	 0.213 	 0.00886502 	 0.167001 	 0.00865291
7.42667e-06 	 0.214 	 0.0087856 	 -0.0507682 	 0.00868996
7.43333e-06 	 0.215 	 0.00870688 	 -0.218023 	 0.00869728
7.44e-06 	 0.216 	 0.00862887 	 -0.305398 	 0.00868034
7.44667e-06 	 0.217 	 0.00855156 	 -0.416621 	 0.00864736
7.45333e-06 	 0.218 	 0.00847494 	 -0.488341 	 0.00860187
7.46e-06 	 0.219 	 0.00839901 	 -0.521089 	 0.00854485
7.46667e-06 	 0.22 	 0.00832376 	 -0.569074 	 0.00848125
7.47333e-06 	 0.221 	 0.00824918 	 -0.566121 	 0.00841256
7.48e-06 	 0.222 	 0.00817527 	 -0.592206 	 0.00834104
7.48667e-06 	 0.223 	 0.00810202 	 -0.608412 	 0.00826806
7.49333e-06 	 0.224 	 0.00802943 	 -0.60803 	 0.00819241
7.5e-06 	 0.225 	 0.00795749 	 -0.626664 	 0.00811576
7.50667e-06 	 0.226 	 0.00788619 	 -0.615332 	 0.00803797
7.51333e-06 	 0.227 	 0.00781554 	 -0.604493 	 0.00795972
7.52e-06 	 0.228 	 0.00774551 	 -0.616395 	 0.00788286
7.52667e-06 	 0.229 	 0.00767611 	 -0.610193 	 0.00780593
7.53333e-06 	 0.23 	 0.00760734 	 -0.579642 	 0.00772865
7.54e-06 	 0.231 	 0.00753918 	 -0.583548 	 0.00765368
7.54667e-06 	 0.232 	 0.00747163 	 -0.585203 	 0.00758039
7.55333e-06 	 0.233 	 0.00740469 	 -0.593138 	 0.00750675
7.56e-06 	 0.234 	 0.00733835 	 -0.590579 	 0.00743251
7.56667e-06 	 0.235 	 0.0072726 	 -0.580773 	 0.00735793
7.57333e-06 	 0.236 	 0.00720744 	 -0.568841 	 0.00728412
7.58e-06 	 0.237 	 0.00714286 	 -0.552506 	 0.00721169
7.58667e-06 	 0.238 	 0.00707886 	 -0.562245 	 0.00714104
7.59333e-06 	 0.239 	 0.00701544 	 -0.560862 	 0.0070708
7.6e-06 	 0.24 	 0.00695258 	 -0.544348 	 0.00700004
7.60667e-06 	 0.241 	 0.00689029 	 -0.530171 	 0.0069304
7.61333e-06 	 0.242 	 0.00682856 	 -0.531033 	 0.0068627
7.62e-06 	 0.243 	 0.00676738 	 -0.519292 	 0.00679584
7.62667e-06 	 0.244 	 0.00670674 	 -0.528838 	 0.00672966
7.63333e-06 	 0.245 	 0.00664665 	 -0.539038 	 0.00666362
7.64e-06 	 0.246 	 0.0065871 	 -0.511399 	 0.00659634
7.64667e-06 	 0.247 	 0.00652808 	 -0.515508 	 0.00653015
7.65333e-06 	 0.248 	 0.0064696 	 -0.497802 	 0.00646545
7.66e-06 	 0.249 	 0.00641163 	 -0.487092 	 0.0064016
7.66667e-06 	 0.25 	 0.00635418 	 -0.499525 	 0.00633955
7.67333e-06 	 0.251 	 0.00629725 	 -0.483981 	 0.00627738
7.68e-06 	 0.252 	 0.00624083 	 -0.490798 	 0.00621542
7.68667e-06 	 0.253 	 0.00618492 	 -0.484814 	 0.006154
7.69333e-06 	 0.254 	 0.0061295 	 -0.473573 	 0.00609253
7.7e-06 	 0.255 	 0.00607458 	 -0.468427 	 0.00603214
7.70667e-06 	 0.256 	 0.00602016 	 -0.470199 	 0.00597279
7.71333e-06 	 0.257 	 0.00596622 	 -0.46373 	 0.00591365
7.72e-06 	 0.258 	 0.00591276 	 -0.444965 	 0.00585481
7.72667e-06 	 0.259 	 0.00585979 	 -0.453451 	 0.00579755
7.73333e-06 	 0.26 	 0.00580729 	 -0.439496 	 0.00574095
7.74e-06 	 0.261 	 0.00575526 	 -0.434063 	 0.00568468
7.74667e-06 	 0.262 	 0.00570369 	 -0.46126 	 0.00562964
7.75333e-06 	 0.263 	 0.00565259 	 -0.43333 	 0.00557323
7.76e-06 	 0.264 	 0.00560194 	 -0.42333 	 0.00551687
7.76667e-06 	 0.265 	 0.00555175 	 -0.434096 	 0.00546289
7.77333e-06 	 0.266 	 0.00550201 	 -0.408708 	 0.00540887
7.78e-06 	 0.267 	 0.00545271 	 -0.416258 	 0.00535576
7.78667e-06 	 0.268 	 0.00540386 	 -0.412645 	 0.00530379
7.79333e-06 	 0.269 	 0.00535544 	 -0.410616 	 0.00525156
7.8e-06 	 0.27 	 0.00530746 	 -0.406106 	 0.00519969
7.80667e-06 	 0.271 	 0.00525991 	 -0.402837 	 0.00514823
7.81333e-06 	 0.272 	 0.00521278 	 -0.402117 	 0.00509726
7.82e-06 	 0.273 	 0.00516608 	 -0.386256 	 0.00504654
7.82667e-06 	 0.274 	 0.00511979 	 -0.386142 	 0.00499687
7.83333e-06 	 0.275 	 0.00507392 	 -0.386191 	 0.0049482
7.84e-06 	 0.276 	 0.00502846 	 -0.391069 	 0.00489954
7.84667e-06 	 0.277 	 0.00498341 	 -0.36848 	 0.00485057
7.85333e-06 	 0.278 	 0.00493876 	 -0.369637 	 0.00480271
7.86e-06 	 0.279 	 0.00489451 	 -0.374216 	 0.0047562
7.86667e-06 	 0.28 	 0.00485065 	 -0.358172 	 0.00470934
7.87333e-06 	 0.281 	 0.00480719 	 -0.36929 	 0.00466319
7.88e-06 	 0.282 	 0.00476412 	 -0.363312 	 0.00461735
7.88667e-06 	 0.283 	 0.00472144 	 -0.352788 	 0.0045712
7.89333e-06 	 0.284 	 0.00467914 	 -0.351041 	 0.00452608
7.9e-06 	 0.285 	 0.00463721 	 -0.345361 	 0.00448173
7.90667e-06 	 0.286 	 0.00459567 	 -0.350006 	 0.00443785
7.91333e-06 	 0.287 	 0.00455449 	 -0.342812 	 0.00439404
7.92e-06 	 0.288 	 0.00451368 	 -0.333971 	 0.00435039
7.92667e-06 	 0.289 	 0.00447324 	 -0.33397 	 0.00430775
7.93333e-06 	 0.29 	 0.00443316 	 -0.324864 	 0.00426566
7.94e-06 	 0.291 	 0.00439344 	 -0.3297 	 0.00422415
7.94667e-06 	 0.292 	 0.00435408 	 -0.77806 	 0.00418291
7.95333e-06 	 0.293 	 0.00431507 	 -1.67337 	 0.00411311
7.96e-06 	 0.294 	 0.00427641 	 -2.55474 	 0.00395865
7.96667e-06 	 0.295 	 0 	 -3.41315 	 0.00369225
7.97333e-06 	 0.296 	 0 	 -3.77275 	 0.00331623
7.98e-06 	 0.297 	 0 	 -3.56841 	 0.00286347
7.98667e-06 	 0.298 	 0 	 -3.26389 	 0.00240093
7.99333e-06 	 0.299 	 0 	 -2.86947 	 0.00197044
8e-06 	 0.3 	 0 	 -2.42922 	 0.001584
8.00667e-06 	 0.301 	 0 	 -1.99654 	 0.00125015
8.01333e-06 	 0.302 	 0 	 -1.60674 	 0.000971292
8.02e-06 	 0.303 	 0 	 -1.26539 	 0.00074426
8.02667e-06 	 0.304 	 0 	 -0.977332 	 0.000563296
8.03333e-06 	 0.305 	 0 	 -0.750991 	 0.000421989
8.04e-06 	 0.306 	 0 	 -0.565836 	 0.000313093
8.04667e-06 	 0.307 	 0 	 -0.421548 	 0.000230124
8.05333e-06 	 0.308 	 0 	 -0.312118 	 0.000167912
8.06e-06 	 0.309 	 0 	 -0.229405 	 0.000121686
8.06667e-06 	 0.31 	 0 	 -0.167019 	 8.75659e-05
8.07333e-06 	 0.311 	 0 	 -0.120501 	 6.25884e-05
8.08e-06 	 0.312 	 0 	 -0.0863488 	 4.44726e-05
8.08667e-06 	 0.313 	 0 	 -0.0615292 	 3.14396e-05
8.09333e-06 	 0.314 	 0 	 -0.0436957 	 2.21223e-05
8.1e-06 	 0.315 	 0 	 -0.030868 	 1.54924e-05
8.10667e-06 	 0.316 	 0 	 -0.0216278 	 1.07943e-05
8.11333e-06 	 0.317 	 0 	 -0.0151111 	 7.48675e-06
8.12e-06 	 0.318 	 0 	 -0.0105344 	 5.17194e-06
8.12667e-06 	 0.319 	 0 	 -0.00730491 	 3.5561e-06
8.13333e-06 	 0.32 	 0 	 -0.00502438 	 2.4321e-06
8.14e-06 	 0.321 	 0 	 -0.00344155 	 1.65527e-06
8.14667e-06 	 0.322 	 0 	 -0.00236716 	 1.12186e-06
8.15333e-06 	 0.323 	 0 	 -0.0016197 	 7.55868e-07
8.16e-06 	 0.324 	 0 	 -0.00109997 	 5.04667e-07
8.16667e-06 	 0.325 	 0 	 -0.00074404 	 3.33309e-07
8.17333e-06 	 0.326 	 0 	 -0.000501399 	 2.17124e-07
8.18e-06 	 0.327 	 0 	 -0.000338391 	 1.38652e-07
8.18667e-06 	 0.328 	 0 	 -0.000227215 	 8.57396e-08
8.19333e-06 	 0.329 	 0 	 -0.000145513 	 5.01025e-08
8.2e-06 	 0.33 	 0 	 -8.38218e-05 	 2.6618e-08
8.20667e-06 	 0.331 	 0 	 -4.10825e-05 	 1.21683e-08
8.21333e-06 	 0.332 	 0 	 -1.27235e-05 	 4.29841e-09
8.22e-06 	 0.333 	 0 	 0 	 9.08255e-10
8.22667e-06 	 0.334 	 0 	 0 	 1.06586e-10
8.23333e-06 	 0.335 	 0 	 0 	 1.06586e-10
# MSE  -0.9 2.31512981475e-07
