# (t) 	 (c tau) 	 (p0) 	 (pzD) 	 (p0FF)
0 	 -0.3 	 0 	 0 	 0
6.66667e-09 	 -0.299 	 0 	 0 	 0
1.33333e-08 	 -0.298 	 0 	 0 	 0
2e-08 	 -0.297 	 0 	 0 	 0
2.66667e-08 	 -0.296 	 0 	 0 	 0
3.33333e-08 	 -0.295 	 0 	 0 	 0
4e-08 	 -0.294 	 0 	 0 	 0
4.66667e-08 	 -0.293 	 0 	 0 	 0
5.33333e-08 	 -0.292 	 0 	 0 	 0
6e-08 	 -0.291 	 0 	 0 	 0
6.66667e-08 	 -0.29 	 0 	 0 	 0
7.33333e-08 	 -0.289 	 0 	 0 	 0
8e-08 	 -0.288 	 0 	 0 	 0
8.66667e-08 	 -0.287 	 0 	 0 	 0
9.33333e-08 	 -0.286 	 0 	 0 	 0
1e-07 	 -0.285 	 0 	 0 	 0
1.06667e-07 	 -0.284 	 0 	 0 	 0
1.13333e-07 	 -0.283 	 0 	 0 	 0
1.2e-07 	 -0.282 	 0 	 0 	 0
1.26667e-07 	 -0.281 	 0 	 0 	 0
1.33333e-07 	 -0.28 	 0 	 0 	 0
1.4e-07 	 -0.279 	 0 	 0 	 0
1.46667e-07 	 -0.278 	 0 	 0 	 0
1.53333e-07 	 -0.277 	 0 	 0 	 0
1.6e-07 	 -0.276 	 0 	 0 	 0
1.66667e-07 	 -0.275 	 0 	 0 	 0
1.73333e-07 	 -0.274 	 0 	 0 	 0
1.8e-07 	 -0.273 	 0 	 0 	 0
1.86667e-07 	 -0.272 	 0 	 0 	 0
1.93333e-07 	 -0.271 	 0 	 0 	 0
2e-07 	 -0.27 	 0 	 0 	 0
2.06667e-07 	 -0.269 	 0 	 0 	 0
2.13333e-07 	 -0.268 	 0 	 0 	 0
2.2e-07 	 -0.267 	 0 	 0 	 0
2.26667e-07 	 -0.266 	 0 	 0 	 0
2.33333e-07 	 -0.265 	 0 	 0 	 0
2.4e-07 	 -0.264 	 0 	 0 	 0
2.46667e-07 	 -0.263 	 0 	 0 	 0
2.53333e-07 	 -0.262 	 0 	 0 	 0
2.6e-07 	 -0.261 	 0 	 0 	 0
2.66667e-07 	 -0.26 	 0 	 0 	 0
2.73333e-07 	 -0.259 	 0 	 0 	 0
2.8e-07 	 -0.258 	 0 	 0 	 0
2.86667e-07 	 -0.257 	 0 	 0 	 0
2.93333e-07 	 -0.256 	 0 	 0 	 0
3e-07 	 -0.255 	 0 	 0 	 0
3.06667e-07 	 -0.254 	 0 	 0 	 0
3.13333e-07 	 -0.253 	 0 	 0 	 0
3.2e-07 	 -0.252 	 0 	 0 	 0
3.26667e-07 	 -0.251 	 0 	 0 	 0
3.33333e-07 	 -0.25 	 0 	 0 	 0
3.4e-07 	 -0.249 	 0 	 0 	 0
3.46667e-07 	 -0.248 	 0 	 0 	 0
3.53333e-07 	 -0.247 	 0 	 0 	 0
3.6e-07 	 -0.246 	 0 	 0 	 0
3.66667e-07 	 -0.245 	 0 	 0 	 0
3.73333e-07 	 -0.244 	 0 	 0 	 0
3.8e-07 	 -0.243 	 0 	 0 	 0
3.86667e-07 	 -0.242 	 0 	 0 	 0
3.93333e-07 	 -0.241 	 0 	 0 	 0
4e-07 	 -0.24 	 0 	 0 	 0
4.06667e-07 	 -0.239 	 0 	 0 	 0
4.13333e-07 	 -0.238 	 0 	 0 	 0
4.2e-07 	 -0.237 	 0 	 0 	 0
4.26667e-07 	 -0.236 	 0 	 0 	 0
4.33333e-07 	 -0.235 	 0 	 0 	 0
4.4e-07 	 -0.234 	 0 	 0 	 0
4.46667e-07 	 -0.233 	 0 	 0 	 0
4.53333e-07 	 -0.232 	 0 	 0 	 0
4.6e-07 	 -0.231 	 0 	 0 	 0
4.66667e-07 	 -0.23 	 0 	 0 	 0
4.73333e-07 	 -0.229 	 0 	 0 	 0
4.8e-07 	 -0.228 	 0 	 0 	 0
4.86667e-07 	 -0.227 	 0 	 0 	 0
4.93333e-07 	 -0.226 	 0 	 0 	 0
5e-07 	 -0.225 	 0 	 0 	 0
5.06667e-07 	 -0.224 	 0 	 0 	 0
5.13333e-07 	 -0.223 	 0 	 0 	 0
5.2e-07 	 -0.222 	 0 	 0 	 0
5.26667e-07 	 -0.221 	 0 	 0 	 0
5.33333e-07 	 -0.22 	 0 	 0 	 0
5.4e-07 	 -0.219 	 0 	 0 	 0
5.46667e-07 	 -0.218 	 0 	 0 	 0
5.53333e-07 	 -0.217 	 0 	 0 	 0
5.6e-07 	 -0.216 	 0 	 0 	 0
5.66667e-07 	 -0.215 	 0 	 0 	 0
5.73333e-07 	 -0.214 	 0 	 0 	 0
5.8e-07 	 -0.213 	 0 	 0 	 0
5.86667e-07 	 -0.212 	 0 	 0 	 0
5.93333e-07 	 -0.211 	 0 	 0 	 0
6e-07 	 -0.21 	 0 	 0 	 0
6.06667e-07 	 -0.209 	 0 	 0 	 0
6.13333e-07 	 -0.208 	 0 	 0 	 0
6.2e-07 	 -0.207 	 0 	 0 	 0
6.26667e-07 	 -0.206 	 0 	 0 	 0
6.33333e-07 	 -0.205 	 0 	 0 	 0
6.4e-07 	 -0.204 	 0 	 0 	 0
6.46667e-07 	 -0.203 	 0 	 0 	 0
6.53333e-07 	 -0.202 	 0 	 0 	 0
6.6e-07 	 -0.201 	 0 	 0 	 0
6.66667e-07 	 -0.2 	 0 	 0 	 0
6.73333e-07 	 -0.199 	 0 	 0 	 0
6.8e-07 	 -0.198 	 0 	 0 	 0
6.86667e-07 	 -0.197 	 0 	 0 	 0
6.93333e-07 	 -0.196 	 0 	 0 	 0
7e-07 	 -0.195 	 0 	 0 	 0
7.06667e-07 	 -0.194 	 0 	 0 	 0
7.13333e-07 	 -0.193 	 0 	 0 	 0
7.2e-07 	 -0.192 	 0 	 0 	 0
7.26667e-07 	 -0.191 	 0 	 0 	 0
7.33333e-07 	 -0.19 	 0 	 0 	 0
7.4e-07 	 -0.189 	 0 	 0 	 0
7.46667e-07 	 -0.188 	 0 	 0 	 0
7.53333e-07 	 -0.187 	 0 	 0 	 0
7.6e-07 	 -0.186 	 0 	 0 	 0
7.66667e-07 	 -0.185 	 0 	 0 	 0
7.73333e-07 	 -0.184 	 0 	 0 	 0
7.8e-07 	 -0.183 	 0 	 0 	 0
7.86667e-07 	 -0.182 	 0 	 0 	 0
7.93333e-07 	 -0.181 	 0 	 0 	 0
8e-07 	 -0.18 	 0 	 0 	 0
8.06667e-07 	 -0.179 	 0 	 0 	 0
8.13333e-07 	 -0.178 	 0 	 0 	 0
8.2e-07 	 -0.177 	 0 	 0 	 0
8.26667e-07 	 -0.176 	 0 	 0 	 0
8.33333e-07 	 -0.175 	 0 	 0 	 0
8.4e-07 	 -0.174 	 0 	 0 	 0
8.46667e-07 	 -0.173 	 0 	 0 	 0
8.53333e-07 	 -0.172 	 0 	 0 	 0
8.6e-07 	 -0.171 	 0 	 0 	 0
8.66667e-07 	 -0.17 	 0 	 0 	 0
8.73333e-07 	 -0.169 	 0 	 0 	 0
8.8e-07 	 -0.168 	 0 	 0 	 0
8.86667e-07 	 -0.167 	 0 	 0 	 0
8.93333e-07 	 -0.166 	 0 	 0 	 0
9e-07 	 -0.165 	 0 	 0 	 0
9.06667e-07 	 -0.164 	 0 	 0 	 0
9.13333e-07 	 -0.163 	 0 	 0 	 0
9.2e-07 	 -0.162 	 0 	 0 	 0
9.26667e-07 	 -0.161 	 0 	 0 	 0
9.33333e-07 	 -0.16 	 0 	 0 	 0
9.4e-07 	 -0.159 	 0 	 0 	 0
9.46667e-07 	 -0.158 	 0 	 0 	 0
9.53333e-07 	 -0.157 	 0 	 0 	 0
9.6e-07 	 -0.156 	 0 	 0 	 0
9.66667e-07 	 -0.155 	 0 	 0 	 0
9.73333e-07 	 -0.154 	 0 	 0 	 0
9.8e-07 	 -0.153 	 0 	 0 	 0
9.86667e-07 	 -0.152 	 0 	 0 	 0
9.93333e-07 	 -0.151 	 0 	 0 	 0
1e-06 	 -0.15 	 0 	 0 	 0
1.00667e-06 	 -0.149 	 0 	 0 	 0
1.01333e-06 	 -0.148 	 0 	 0 	 0
1.02e-06 	 -0.147 	 0 	 0 	 0
1.02667e-06 	 -0.146 	 0 	 0 	 0
1.03333e-06 	 -0.145 	 0 	 0 	 0
1.04e-06 	 -0.144 	 0 	 0 	 0
1.04667e-06 	 -0.143 	 0 	 0 	 0
1.05333e-06 	 -0.142 	 0 	 0 	 0
1.06e-06 	 -0.141 	 0 	 0 	 0
1.06667e-06 	 -0.14 	 0 	 0 	 0
1.07333e-06 	 -0.139 	 0 	 0 	 0
1.08e-06 	 -0.138 	 0 	 0 	 0
1.08667e-06 	 -0.137 	 0 	 0 	 0
1.09333e-06 	 -0.136 	 0 	 0 	 0
1.1e-06 	 -0.135 	 0 	 0 	 0
1.10667e-06 	 -0.134 	 0 	 0 	 0
1.11333e-06 	 -0.133 	 0 	 0 	 0
1.12e-06 	 -0.132 	 0 	 0 	 0
1.12667e-06 	 -0.131 	 0 	 0 	 0
1.13333e-06 	 -0.13 	 0 	 0 	 0
1.14e-06 	 -0.129 	 0 	 0 	 0
1.14667e-06 	 -0.128 	 0 	 0 	 0
1.15333e-06 	 -0.127 	 0 	 0 	 0
1.16e-06 	 -0.126 	 0 	 0 	 0
1.16667e-06 	 -0.125 	 0 	 0 	 0
1.17333e-06 	 -0.124 	 0 	 0 	 0
1.18e-06 	 -0.123 	 0 	 0 	 0
1.18667e-06 	 -0.122 	 0 	 0 	 0
1.19333e-06 	 -0.121 	 0 	 0 	 0
1.2e-06 	 -0.12 	 0 	 0 	 0
1.20667e-06 	 -0.119 	 0 	 0 	 0
1.21333e-06 	 -0.118 	 0 	 0 	 0
1.22e-06 	 -0.117 	 0 	 0 	 0
1.22667e-06 	 -0.116 	 0 	 0 	 0
1.23333e-06 	 -0.115 	 0 	 0 	 0
1.24e-06 	 -0.114 	 0 	 0 	 0
1.24667e-06 	 -0.113 	 0 	 0 	 0
1.25333e-06 	 -0.112 	 0 	 0 	 0
1.26e-06 	 -0.111 	 0 	 0 	 0
1.26667e-06 	 -0.11 	 0 	 0 	 0
1.27333e-06 	 -0.109 	 0 	 0 	 0
1.28e-06 	 -0.108 	 0 	 0 	 0
1.28667e-06 	 -0.107 	 0 	 0 	 0
1.29333e-06 	 -0.106 	 0 	 0 	 0
1.3e-06 	 -0.105 	 0 	 0 	 0
1.30667e-06 	 -0.104 	 0 	 0 	 0
1.31333e-06 	 -0.103 	 0 	 0 	 0
1.32e-06 	 -0.102 	 0 	 0 	 0
1.32667e-06 	 -0.101 	 0 	 0 	 0
1.33333e-06 	 -0.1 	 0 	 0 	 0
1.34e-06 	 -0.099 	 0 	 0 	 0
1.34667e-06 	 -0.098 	 0 	 0 	 0
1.35333e-06 	 -0.097 	 0 	 0 	 0
1.36e-06 	 -0.096 	 0 	 0 	 0
1.36667e-06 	 -0.095 	 0 	 0 	 0
1.37333e-06 	 -0.094 	 0 	 0 	 0
1.38e-06 	 -0.093 	 0 	 0 	 0
1.38667e-06 	 -0.092 	 0 	 0 	 0
1.39333e-06 	 -0.091 	 0 	 0 	 0
1.4e-06 	 -0.09 	 0 	 0 	 0
1.40667e-06 	 -0.089 	 0 	 0 	 0
1.41333e-06 	 -0.088 	 0 	 0 	 0
1.42e-06 	 -0.087 	 0 	 0 	 0
1.42667e-06 	 -0.086 	 0 	 0 	 0
1.43333e-06 	 -0.085 	 0 	 0 	 0
1.44e-06 	 -0.084 	 0 	 0 	 0
1.44667e-06 	 -0.083 	 0 	 0 	 0
1.45333e-06 	 -0.082 	 0 	 0 	 0
1.46e-06 	 -0.081 	 0 	 0 	 0
1.46667e-06 	 -0.08 	 0 	 0 	 0
1.47333e-06 	 -0.079 	 0 	 0 	 0
1.48e-06 	 -0.078 	 0 	 0 	 0
1.48667e-06 	 -0.077 	 0 	 0 	 0
1.49333e-06 	 -0.076 	 0 	 0 	 0
1.5e-06 	 -0.075 	 0 	 0 	 0
1.50667e-06 	 -0.074 	 0 	 0 	 0
1.51333e-06 	 -0.073 	 0 	 0 	 0
1.52e-06 	 -0.072 	 0 	 0 	 0
1.52667e-06 	 -0.071 	 0 	 0 	 0
1.53333e-06 	 -0.07 	 0 	 0 	 0
1.54e-06 	 -0.069 	 0 	 0 	 0
1.54667e-06 	 -0.068 	 0 	 0 	 0
1.55333e-06 	 -0.067 	 0 	 0 	 0
1.56e-06 	 -0.066 	 0 	 0 	 0
1.56667e-06 	 -0.065 	 0 	 0 	 0
1.57333e-06 	 -0.064 	 0 	 0 	 0
1.58e-06 	 -0.063 	 0 	 0 	 0
1.58667e-06 	 -0.062 	 0 	 0 	 0
1.59333e-06 	 -0.061 	 0 	 0 	 0
1.6e-06 	 -0.06 	 0 	 0 	 0
1.60667e-06 	 -0.059 	 0 	 0 	 0
1.61333e-06 	 -0.058 	 0 	 0 	 0
1.62e-06 	 -0.057 	 0 	 0 	 0
1.62667e-06 	 -0.056 	 0 	 0 	 0
1.63333e-06 	 -0.055 	 0 	 0 	 0
1.64e-06 	 -0.054 	 0 	 0 	 0
1.64667e-06 	 -0.053 	 0 	 0 	 0
1.65333e-06 	 -0.052 	 0 	 0 	 0
1.66e-06 	 -0.051 	 0 	 0 	 0
1.66667e-06 	 -0.05 	 0 	 0 	 0
1.67333e-06 	 -0.049 	 0 	 0 	 0
1.68e-06 	 -0.048 	 0 	 0 	 0
1.68667e-06 	 -0.047 	 0 	 0 	 0
1.69333e-06 	 -0.046 	 0 	 0 	 0
1.7e-06 	 -0.045 	 0 	 0 	 0
1.70667e-06 	 -0.044 	 0 	 0 	 0
1.71333e-06 	 -0.043 	 0 	 0 	 0
1.72e-06 	 -0.042 	 0 	 0 	 0
1.72667e-06 	 -0.041 	 0 	 0 	 0
1.73333e-06 	 -0.04 	 0 	 0 	 0
1.74e-06 	 -0.039 	 0 	 0 	 0
1.74667e-06 	 -0.038 	 0 	 0 	 0
1.75333e-06 	 -0.037 	 0 	 0 	 0
1.76e-06 	 -0.036 	 0 	 0 	 0
1.76667e-06 	 -0.035 	 0 	 0 	 0
1.77333e-06 	 -0.034 	 0 	 0 	 0
1.78e-06 	 -0.033 	 0 	 0 	 0
1.78667e-06 	 -0.032 	 0 	 0 	 0
1.79333e-06 	 -0.031 	 0 	 0 	 0
1.8e-06 	 -0.03 	 0 	 0 	 0
1.80667e-06 	 -0.029 	 0 	 0 	 0
1.81333e-06 	 -0.028 	 0 	 0 	 0
1.82e-06 	 -0.027 	 0 	 0 	 0
1.82667e-06 	 -0.026 	 0 	 0 	 0
1.83333e-06 	 -0.025 	 0 	 0 	 0
1.84e-06 	 -0.024 	 0 	 0 	 0
1.84667e-06 	 -0.023 	 0 	 0 	 0
1.85333e-06 	 -0.022 	 0 	 0 	 0
1.86e-06 	 -0.021 	 0 	 0 	 0
1.86667e-06 	 -0.02 	 0 	 0 	 0
1.87333e-06 	 -0.019 	 0 	 0 	 0
1.88e-06 	 -0.018 	 0 	 0 	 0
1.88667e-06 	 -0.017 	 0 	 0 	 0
1.89333e-06 	 -0.016 	 0 	 0 	 0
1.9e-06 	 -0.015 	 0 	 0 	 0
1.90667e-06 	 -0.014 	 0 	 0 	 0
1.91333e-06 	 -0.013 	 0 	 0 	 0
1.92e-06 	 -0.012 	 0 	 0 	 0
1.92667e-06 	 -0.011 	 0 	 0 	 0
1.93333e-06 	 -0.01 	 0 	 0 	 0
1.94e-06 	 -0.009 	 0 	 0 	 0
1.94667e-06 	 -0.008 	 0 	 0 	 0
1.95333e-06 	 -0.007 	 0 	 0 	 0
1.96e-06 	 -0.006 	 0 	 0 	 0
1.96667e-06 	 -0.005 	 0 	 0 	 0
1.97333e-06 	 -0.004 	 0 	 0 	 0
1.98e-06 	 -0.003 	 0 	 0.220224 	 0
1.98667e-06 	 -0.002 	 0 	 0.657166 	 6.19994e-06
1.99333e-06 	 -0.001 	 0 	 1.09572 	 3.0901e-05
2e-06 	 0 	 0.00206672 	 1.53828 	 8.02499e-05
2.00667e-06 	 0.001 	 0.00206383 	 1.74859 	 0.000154405
2.01333e-06 	 0.002 	 0.00206094 	 1.7471 	 0.00024694
2.02e-06 	 0.003 	 0.00205805 	 1.74473 	 0.000345353
2.02667e-06 	 0.004 	 0.00205518 	 1.73484 	 0.000443659
2.03333e-06 	 0.005 	 0.0020523 	 1.74566 	 0.000541619
2.04e-06 	 0.006 	 0.00204943 	 1.75234 	 0.000639605
2.04667e-06 	 0.007 	 0.00204656 	 1.74368 	 0.000738083
2.05333e-06 	 0.008 	 0.0020437 	 1.72937 	 0.000836506
2.06e-06 	 0.009 	 0.00204084 	 1.73037 	 0.000934282
2.06667e-06 	 0.01 	 0.00203798 	 1.72192 	 0.00103168
2.07333e-06 	 0.011 	 0.00203513 	 1.69713 	 0.00112888
2.08e-06 	 0.012 	 0.00203229 	 1.67614 	 0.00122513
2.08667e-06 	 0.013 	 0.00202944 	 1.61603 	 0.0013201
2.09333e-06 	 0.014 	 0.0020266 	 1.57296 	 0.00141278
2.1e-06 	 0.015 	 0.00202377 	 1.54768 	 0.00150256
2.10667e-06 	 0.016 	 0.00202094 	 1.51074 	 0.00159042
2.11333e-06 	 0.017 	 0.00201811 	 1.44288 	 0.00167652
2.12e-06 	 0.018 	 0.00201529 	 1.36536 	 0.00175967
2.12667e-06 	 0.019 	 0.00201247 	 1.31899 	 0.00183873
2.13333e-06 	 0.02 	 0.00200965 	 1.23282 	 0.00191431
2.14e-06 	 0.021 	 0.00200684 	 1.17185 	 0.00198615
2.14667e-06 	 0.022 	 0.00200403 	 1.13512 	 0.00205385
2.15333e-06 	 0.023 	 0.00200123 	 1.05418 	 0.00211879
2.16e-06 	 0.024 	 0.00199843 	 1.00146 	 0.00218043
2.16667e-06 	 0.025 	 0.00199563 	 0.955006 	 0.0022383
2.17333e-06 	 0.026 	 0.00199284 	 0.855367 	 0.00229338
2.18e-06 	 0.027 	 0.00199005 	 0.806879 	 0.00234435
2.18667e-06 	 0.028 	 0.00198727 	 0.743163 	 0.00239114
2.19333e-06 	 0.029 	 0.00198449 	 0.660441 	 0.00243478
2.2e-06 	 0.03 	 0.00198171 	 0.637444 	 0.0024743
2.20667e-06 	 0.031 	 0.00197894 	 0.572044 	 0.00251084
2.21333e-06 	 0.032 	 0.00197617 	 0.506225 	 0.00254489
2.22e-06 	 0.033 	 0.00197341 	 0.485537 	 0.00257524
2.22667e-06 	 0.034 	 0.00197065 	 0.449491 	 0.00260317
2.23333e-06 	 0.035 	 0.00196789 	 0.392889 	 0.00262949
2.24e-06 	 0.036 	 0.00196514 	 0.359044 	 0.0026532
2.24667e-06 	 0.037 	 0.00196239 	 0.32008 	 0.00267437
2.25333e-06 	 0.038 	 0.00195964 	 0.235581 	 0.00269349
2.26e-06 	 0.039 	 0.0019569 	 0.201949 	 0.00270914
2.26667e-06 	 0.04 	 0.00195416 	 0.204652 	 0.00272145
2.27333e-06 	 0.041 	 0.00195143 	 0.17294 	 0.0027329
2.28e-06 	 0.042 	 0.0019487 	 0.165431 	 0.00274353
2.28667e-06 	 0.043 	 0.00194597 	 0.120554 	 0.00275306
2.29333e-06 	 0.044 	 0.00194325 	 0.0671499 	 0.00276111
2.3e-06 	 0.045 	 0.00194053 	 0.0382818 	 0.00276639
2.30667e-06 	 0.046 	 0.00193782 	 0.027007 	 0.00276936
2.31333e-06 	 0.047 	 0.0019351 	 0.0282824 	 0.0027712
2.32e-06 	 0.048 	 0.0019324 	 -0.00421245 	 0.00277276
2.32667e-06 	 0.049 	 0.00192969 	 0.0012025 	 0.00277343
2.33333e-06 	 0.05 	 0.00192699 	 -0.0436201 	 0.00277335
2.34e-06 	 0.051 	 0.0019243 	 -0.0781848 	 0.00277215
2.34667e-06 	 0.052 	 0.00192161 	 -0.0620277 	 0.00276873
2.35333e-06 	 0.053 	 0.00191892 	 -0.103215 	 0.00276478
2.36e-06 	 0.054 	 0.00191623 	 -0.0897945 	 0.00276013
2.36667e-06 	 0.055 	 0.00191355 	 -0.0882685 	 0.00275469
2.37333e-06 	 0.056 	 0.00191087 	 -0.101584 	 0.00274968
2.38e-06 	 0.057 	 0.0019082 	 -0.11436 	 0.00274433
2.38667e-06 	 0.058 	 0.00190553 	 -0.138829 	 0.00273826
2.39333e-06 	 0.059 	 0.00190287 	 -0.139753 	 0.00273113
2.4e-06 	 0.06 	 0.0019002 	 -0.147151 	 0.00272328
2.40667e-06 	 0.061 	 0.00189755 	 -0.131707 	 0.00271521
2.41333e-06 	 0.062 	 0.00189489 	 -0.162722 	 0.00270736
2.42e-06 	 0.063 	 0.00189224 	 -0.167795 	 0.00269907
2.42667e-06 	 0.064 	 0.00188959 	 -0.144773 	 0.00268976
2.43333e-06 	 0.065 	 0.00188695 	 -0.1652 	 0.00268096
2.44e-06 	 0.066 	 0.00188431 	 -0.164388 	 0.00267224
2.44667e-06 	 0.067 	 0.00188167 	 -0.1656 	 0.00266296
2.45333e-06 	 0.068 	 0.00187904 	 -0.198489 	 0.00265367
2.46e-06 	 0.069 	 0.00187641 	 -0.191655 	 0.00264342
2.46667e-06 	 0.07 	 0.00187379 	 -0.162778 	 0.00263243
2.47333e-06 	 0.071 	 0.00187116 	 -0.170539 	 0.00262246
2.48e-06 	 0.072 	 0.00186855 	 -0.178394 	 0.00261307
2.48667e-06 	 0.073 	 0.00186593 	 -0.196602 	 0.00260325
2.49333e-06 	 0.074 	 0.00186332 	 -0.196706 	 0.00259269
2.5e-06 	 0.075 	 0.00186072 	 -0.180277 	 0.00258162
2.50667e-06 	 0.076 	 0.00185811 	 -0.184701 	 0.002571
2.51333e-06 	 0.077 	 0.00185551 	 -0.177022 	 0.00256073
2.52e-06 	 0.078 	 0.00185292 	 -0.183583 	 0.00255055
2.52667e-06 	 0.079 	 0.00185032 	 -0.183184 	 0.00254039
2.53333e-06 	 0.08 	 0.00184774 	 -0.190595 	 0.00253007
2.54e-06 	 0.081 	 0.00184515 	 -0.200246 	 0.00251955
2.54667e-06 	 0.082 	 0.00184257 	 -0.181181 	 0.00250854
2.55333e-06 	 0.083 	 0.00183999 	 -0.183357 	 0.0024978
2.56e-06 	 0.084 	 0.00183742 	 -0.175782 	 0.00248754
2.56667e-06 	 0.085 	 0.00183485 	 -0.174681 	 0.00247743
2.57333e-06 	 0.086 	 0.00183228 	 -0.17548 	 0.00246756
2.58e-06 	 0.087 	 0.00182972 	 -0.193439 	 0.00245771
2.58667e-06 	 0.088 	 0.00182716 	 -0.184739 	 0.00244732
2.59333e-06 	 0.089 	 0.0018246 	 -0.174488 	 0.00243667
2.6e-06 	 0.09 	 0.00182205 	 -0.191055 	 0.00242656
2.60667e-06 	 0.091 	 0.0018195 	 -0.178906 	 0.00241627
2.61333e-06 	 0.092 	 0.00181695 	 -0.183446 	 0.00240585
2.62e-06 	 0.093 	 0.00181441 	 -0.170889 	 0.00239565
2.62667e-06 	 0.094 	 0.00181187 	 -0.171058 	 0.00238568
2.63333e-06 	 0.095 	 0.00180934 	 -0.178571 	 0.00237605
2.64e-06 	 0.096 	 0.00180681 	 -0.174085 	 0.00236621
2.64667e-06 	 0.097 	 0.00180428 	 -0.187702 	 0.00235628
2.65333e-06 	 0.098 	 0.00180175 	 -0.167422 	 0.00234609
2.66e-06 	 0.099 	 0.00179923 	 -0.165529 	 0.00233609
2.66667e-06 	 0.1 	 0.00179672 	 -0.175102 	 0.00232672
2.67333e-06 	 0.101 	 0.0017942 	 -0.160571 	 0.00231713
2.68e-06 	 0.102 	 0.00179169 	 -0.172252 	 0.00230768
2.68667e-06 	 0.103 	 0.00178919 	 -0.163277 	 0.00229831
2.69333e-06 	 0.104 	 0.00178668 	 -0.158366 	 0.00228887
2.7e-06 	 0.105 	 0.00178418 	 -0.178912 	 0.00227981
2.70667e-06 	 0.106 	 0.00178169 	 -0.171431 	 0.00227032
2.71333e-06 	 0.107 	 0.0017792 	 -0.169076 	 0.00226045
2.72e-06 	 0.108 	 0.00177671 	 -0.16749 	 0.00225087
2.72667e-06 	 0.109 	 0.00177422 	 -0.146952 	 0.00224139
2.73333e-06 	 0.11 	 0.00177174 	 -0.155315 	 0.00223254
2.74e-06 	 0.111 	 0.00176926 	 -0.167674 	 0.00222403
2.74667e-06 	 0.112 	 0.00176678 	 -0.16048 	 0.00221494
2.75333e-06 	 0.113 	 0.00176431 	 -0.160039 	 0.0022057
2.76e-06 	 0.114 	 0.00176184 	 -0.173045 	 0.00219667
2.76667e-06 	 0.115 	 0.00175938 	 -0.166026 	 0.0021873
2.77333e-06 	 0.116 	 0.00175692 	 -0.151406 	 0.00217775
2.78e-06 	 0.117 	 0.00175446 	 -0.148056 	 0.00216881
2.78667e-06 	 0.118 	 0.00175201 	 -0.13876 	 0.00216038
2.79333e-06 	 0.119 	 0.00174955 	 -0.140893 	 0.00215231
2.8e-06 	 0.12 	 0.00174711 	 -0.15723 	 0.00214443
2.80667e-06 	 0.121 	 0.00174466 	 -0.16576 	 0.00213604
2.81333e-06 	 0.122 	 0.00174222 	 -0.149954 	 0.00212695
2.82e-06 	 0.123 	 0.00173978 	 -0.151976 	 0.00211806
2.82667e-06 	 0.124 	 0.00173735 	 -0.13628 	 0.00210956
2.83333e-06 	 0.125 	 0.00173492 	 -0.139971 	 0.00210145
2.84e-06 	 0.126 	 0.00173249 	 -0.157034 	 0.00209367
2.84667e-06 	 0.127 	 0.00173007 	 -0.14609 	 0.00208531
2.85333e-06 	 0.128 	 0.00172765 	 -0.162412 	 0.00207677
2.86e-06 	 0.129 	 0.00172523 	 -0.143156 	 0.00206809
2.86667e-06 	 0.13 	 0.00172282 	 -0.140019 	 0.00205948
2.87333e-06 	 0.131 	 0.00172041 	 -0.154533 	 0.00205151
2.88e-06 	 0.132 	 0.001718 	 -0.137019 	 0.00204322
2.88667e-06 	 0.133 	 0.0017156 	 -0.131665 	 0.00203501
2.89333e-06 	 0.134 	 0.0017132 	 -0.142071 	 0.00202745
2.9e-06 	 0.135 	 0.0017108 	 -0.14051 	 0.00201974
2.90667e-06 	 0.136 	 0.00170841 	 -0.135684 	 0.00201179
2.91333e-06 	 0.137 	 0.00170602 	 -0.153422 	 0.00200401
2.92e-06 	 0.138 	 0.00170363 	 -0.137474 	 0.00199587
2.92667e-06 	 0.139 	 0.00170125 	 -0.123772 	 0.00198768
2.93333e-06 	 0.14 	 0.00169887 	 -0.13357 	 0.00198033
2.94e-06 	 0.141 	 0.00169649 	 -0.133699 	 0.00197308
2.94667e-06 	 0.142 	 0.00169412 	 -0.147491 	 0.00196556
2.95333e-06 	 0.143 	 0.00169175 	 -0.138794 	 0.00195764
2.96e-06 	 0.144 	 0.00168938 	 -0.139556 	 0.00194958
2.96667e-06 	 0.145 	 0.00168702 	 -0.133587 	 0.00194174
2.97333e-06 	 0.146 	 0.00168466 	 -0.114945 	 0.00193406
2.98e-06 	 0.147 	 0.0016823 	 -0.123966 	 0.00192706
2.98667e-06 	 0.148 	 0.00167995 	 -0.126734 	 0.00192033
2.99333e-06 	 0.149 	 0.00167759 	 -0.125012 	 0.00191327
3e-06 	 0.15 	 0.00167525 	 -0.132827 	 0.00190619
3.00667e-06 	 0.151 	 0.0016729 	 -0.133258 	 0.00189893
3.01333e-06 	 0.152 	 0.00167056 	 -0.126344 	 0.00189144
3.02e-06 	 0.153 	 0.00166823 	 -0.132374 	 0.00188413
3.02667e-06 	 0.154 	 0.00166589 	 -0.128255 	 0.00187684
3.03333e-06 	 0.155 	 0.00166356 	 -0.136998 	 0.00186951
3.04e-06 	 0.156 	 0.00166123 	 -0.124656 	 0.00186204
3.04667e-06 	 0.157 	 0.00165891 	 -0.111021 	 0.00185467
3.05333e-06 	 0.158 	 0.00165659 	 -0.108798 	 0.00184804
3.06e-06 	 0.159 	 0.00165427 	 -0.113349 	 0.00184185
3.06667e-06 	 0.16 	 0.00165196 	 -0.137144 	 0.0018356
3.07333e-06 	 0.161 	 0.00164965 	 -0.127741 	 0.00182854
3.08e-06 	 0.162 	 0.00164734 	 -0.127585 	 0.00182109
3.08667e-06 	 0.163 	 0.00164503 	 -0.119931 	 0.0018139
3.09333e-06 	 0.164 	 0.00164273 	 -0.105894 	 0.00180693
3.1e-06 	 0.165 	 0.00164043 	 -0.123345 	 0.00180057
3.10667e-06 	 0.166 	 0.00163814 	 -0.124129 	 0.00179412
3.11333e-06 	 0.167 	 0.00163585 	 -0.11601 	 0.00178715
3.12e-06 	 0.168 	 0.00163356 	 -0.111593 	 0.00178039
3.12667e-06 	 0.169 	 0.00163127 	 -0.117774 	 0.00177398
3.13333e-06 	 0.17 	 0.00162899 	 -0.115937 	 0.00176753
3.14e-06 	 0.171 	 0.00162671 	 -0.108953 	 0.00176095
3.14667e-06 	 0.172 	 0.00162444 	 -0.125128 	 0.00175462
3.15333e-06 	 0.173 	 0.00162216 	 -0.112689 	 0.00174803
3.16e-06 	 0.174 	 0.00161989 	 -0.107625 	 0.00174133
3.16667e-06 	 0.175 	 0.00161763 	 -0.121745 	 0.00173513
3.17333e-06 	 0.176 	 0.00161537 	 -0.110471 	 0.00172867
3.18e-06 	 0.177 	 0.00161311 	 -0.107555 	 0.00172213
3.18667e-06 	 0.178 	 0.00161085 	 -0.120049 	 0.00171599
3.19333e-06 	 0.179 	 0.0016086 	 -0.104298 	 0.00170959
3.2e-06 	 0.18 	 0.00160634 	 -0.101831 	 0.00170327
3.20667e-06 	 0.181 	 0.0016041 	 -0.115182 	 0.00169747
3.21333e-06 	 0.182 	 0.00160185 	 -0.101623 	 0.00169136
3.22e-06 	 0.183 	 0.00159961 	 -0.10987 	 0.00168525
3.22667e-06 	 0.184 	 0.00159737 	 -0.124624 	 0.0016793
3.23333e-06 	 0.185 	 0.00159514 	 -0.108178 	 0.0016727
3.24e-06 	 0.186 	 0.00159291 	 -0.103114 	 0.00166614
3.24667e-06 	 0.187 	 0.00159068 	 -0.102631 	 0.0016602
3.25333e-06 	 0.188 	 0.00158845 	 -0.0933033 	 0.0016544
3.26e-06 	 0.189 	 0.00158623 	 -0.107992 	 0.00164889
3.26667e-06 	 0.19 	 0.00158401 	 -0.105734 	 0.00164322
3.27333e-06 	 0.191 	 0.0015818 	 -0.0999374 	 0.0016372
3.28e-06 	 0.192 	 0.00157958 	 -0.108816 	 0.00163141
3.28667e-06 	 0.193 	 0.00157737 	 -0.099497 	 0.00162554
3.29333e-06 	 0.194 	 0.00157517 	 -0.103985 	 0.00161967
3.3e-06 	 0.195 	 0.00157296 	 -0.112849 	 0.00161394
3.30667e-06 	 0.196 	 0.00157076 	 -0.103036 	 0.00160784
3.31333e-06 	 0.197 	 0.00156856 	 0.800781 	 0.00160176
3.32e-06 	 0.198 	 0.00156637 	 2.57408 	 0.0016214
3.32667e-06 	 0.199 	 0.00156418 	 4.34341 	 0.00171642
3.33333e-06 	 0.2 	 0.00996534 	 6.07241 	 0.00191116
3.34e-06 	 0.201 	 0.00987606 	 6.87403 	 0.0022044
3.34667e-06 	 0.202 	 0.00978757 	 6.80607 	 0.00256888
3.35333e-06 	 0.203 	 0.00969988 	 6.73888 	 0.00295401
3.36e-06 	 0.204 	 0.00961297 	 6.67626 	 0.00333534
3.36667e-06 	 0.205 	 0.00952684 	 6.55773 	 0.00371302
3.37333e-06 	 0.206 	 0.00944149 	 6.40291 	 0.00408559
3.38e-06 	 0.207 	 0.0093569 	 6.16528 	 0.00445047
3.38667e-06 	 0.208 	 0.00927306 	 5.83567 	 0.0048043
3.39333e-06 	 0.209 	 0.00918998 	 5.54077 	 0.00514216
3.4e-06 	 0.21 	 0.00910764 	 5.14433 	 0.00546244
3.40667e-06 	 0.211 	 0.00902604 	 4.67204 	 0.00576326
3.41333e-06 	 0.212 	 0.00894517 	 4.27066 	 0.00603962
3.42e-06 	 0.213 	 0.00886502 	 3.81103 	 0.00629138
3.42667e-06 	 0.214 	 0.0087856 	 3.36469 	 0.0065189
3.43333e-06 	 0.215 	 0.00870688 	 2.99478 	 0.00672092
3.44e-06 	 0.216 	 0.00862887 	 2.5645 	 0.00689996
3.44667e-06 	 0.217 	 0.00855156 	 2.23294 	 0.00705647
3.45333e-06 	 0.218 	 0.00847494 	 1.84578 	 0.00719153
3.46e-06 	 0.219 	 0.00839901 	 1.46398 	 0.00730636
3.46667e-06 	 0.22 	 0.00832376 	 1.24714 	 0.00739954
3.47333e-06 	 0.221 	 0.00824918 	 0.903266 	 0.00747586
3.48e-06 	 0.222 	 0.00817527 	 0.681762 	 0.0075364
3.48667e-06 	 0.223 	 0.00810202 	 0.470609 	 0.00758102
3.49333e-06 	 0.224 	 0.00802943 	 0.151543 	 0.00761347
3.5e-06 	 0.225 	 0.00795749 	 -0.000874208 	 0.00763098
3.50667e-06 	 0.226 	 0.00788619 	 -0.156113 	 0.00763522
3.51333e-06 	 0.227 	 0.00781554 	 -0.340548 	 0.0076308
3.52e-06 	 0.228 	 0.00774551 	 -0.415851 	 0.00761682
3.52667e-06 	 0.229 	 0.00767611 	 -0.572522 	 0.00759553
3.53333e-06 	 0.23 	 0.00760734 	 -0.7439 	 0.0075677
3.54e-06 	 0.231 	 0.00753918 	 -0.747519 	 0.00753064
3.54667e-06 	 0.232 	 0.00747163 	 -0.815689 	 0.00748865
3.55333e-06 	 0.233 	 0.00740469 	 -0.890331 	 0.00744464
3.56e-06 	 0.234 	 0.00733835 	 -0.96338 	 0.00739661
3.56667e-06 	 0.235 	 0.0072726 	 -1.05542 	 0.00734443
3.57333e-06 	 0.236 	 0.00720744 	 -1.09109 	 0.00728759
3.58e-06 	 0.237 	 0.00714286 	 -1.16102 	 0.00722716
3.58667e-06 	 0.238 	 0.00707886 	 -1.1066 	 0.00716376
3.59333e-06 	 0.239 	 0.00701544 	 -1.0947 	 0.00709992
3.6e-06 	 0.24 	 0.00695258 	 -1.20585 	 0.00703795
3.60667e-06 	 0.241 	 0.00689029 	 -1.17877 	 0.00697318
3.61333e-06 	 0.242 	 0.00682856 	 -1.19091 	 0.00690604
3.62e-06 	 0.243 	 0.00676738 	 -1.22609 	 0.00683933
3.62667e-06 	 0.244 	 0.00670674 	 -1.23192 	 0.00677129
3.63333e-06 	 0.245 	 0.00664665 	 -1.25901 	 0.00670209
3.64e-06 	 0.246 	 0.0065871 	 -1.23606 	 0.00663196
3.64667e-06 	 0.247 	 0.00652808 	 -1.21784 	 0.00656171
3.65333e-06 	 0.248 	 0.0064696 	 -1.16879 	 0.00649263
3.66e-06 	 0.249 	 0.00641163 	 -1.14787 	 0.00642544
3.66667e-06 	 0.25 	 0.00635418 	 -1.20848 	 0.00636022
3.67333e-06 	 0.251 	 0.00629725 	 -1.21197 	 0.00629388
3.68e-06 	 0.252 	 0.00624083 	 -1.18922 	 0.00622574
3.68667e-06 	 0.253 	 0.00618492 	 -1.17889 	 0.00615814
3.69333e-06 	 0.254 	 0.0061295 	 -1.13638 	 0.00609147
3.7e-06 	 0.255 	 0.00607458 	 -1.13464 	 0.00602629
3.70667e-06 	 0.256 	 0.00602016 	 -1.14174 	 0.00596235
3.71333e-06 	 0.257 	 0.00596622 	 -1.13242 	 0.00589827
3.72e-06 	 0.258 	 0.00591276 	 -1.16038 	 0.00583424
3.72667e-06 	 0.259 	 0.00585979 	 -1.12526 	 0.00576969
3.73333e-06 	 0.26 	 0.00580729 	 -1.10151 	 0.00570535
3.74e-06 	 0.261 	 0.00575526 	 -1.08842 	 0.00564266
3.74667e-06 	 0.262 	 0.00570369 	 -1.02123 	 0.005581
3.75333e-06 	 0.263 	 0.00565259 	 -1.04629 	 0.00552161
3.76e-06 	 0.264 	 0.00560194 	 -1.08802 	 0.0054634
3.76667e-06 	 0.265 	 0.00555175 	 -1.06957 	 0.00540332
3.77333e-06 	 0.266 	 0.00550201 	 -1.04601 	 0.00534257
3.78e-06 	 0.267 	 0.00545271 	 -1.0515 	 0.00528301
3.78667e-06 	 0.268 	 0.00540386 	 -0.983369 	 0.00522396
3.79333e-06 	 0.269 	 0.00535544 	 -0.973344 	 0.00516668
3.8e-06 	 0.27 	 0.00530746 	 -1.04417 	 0.00511159
3.80667e-06 	 0.271 	 0.00525991 	 -0.97193 	 0.00505479
3.81333e-06 	 0.272 	 0.00521278 	 -0.922526 	 0.00499803
3.82e-06 	 0.273 	 0.00516608 	 -0.950868 	 0.0049447
3.82667e-06 	 0.274 	 0.00511979 	 -0.920637 	 0.00489196
3.83333e-06 	 0.275 	 0.00507392 	 -0.92148 	 0.00483927
3.84e-06 	 0.276 	 0.00502846 	 -0.971499 	 0.00478741
3.84667e-06 	 0.277 	 0.00498341 	 -0.936136 	 0.00473411
3.85333e-06 	 0.278 	 0.00493876 	 -0.874411 	 0.00468041
3.86e-06 	 0.279 	 0.00489451 	 -0.898404 	 0.00462944
3.86667e-06 	 0.28 	 0.00485065 	 -0.884445 	 0.00457953
3.87333e-06 	 0.281 	 0.00480719 	 -0.83404 	 0.00452933
3.88e-06 	 0.282 	 0.00476412 	 -0.882667 	 0.00448095
3.88667e-06 	 0.283 	 0.00472144 	 -0.868036 	 0.00443262
3.89333e-06 	 0.284 	 0.00467914 	 -0.844747 	 0.00438334
3.9e-06 	 0.285 	 0.00463721 	 -0.88098 	 0.00433512
3.90667e-06 	 0.286 	 0.00459567 	 -0.811387 	 0.00428653
3.91333e-06 	 0.287 	 0.00455449 	 -0.791866 	 0.00423889
3.92e-06 	 0.288 	 0.00451368 	 -0.81111 	 0.00419375
3.92667e-06 	 0.289 	 0.00447324 	 -0.772089 	 0.00414862
3.93333e-06 	 0.29 	 0.00443316 	 -0.775835 	 0.00410405
3.94e-06 	 0.291 	 0.00439344 	 -0.803294 	 0.00406047
3.94667e-06 	 0.292 	 0.00435408 	 -1.21632 	 0.00401602
3.95333e-06 	 0.293 	 0.00431507 	 -2.08987 	 0.00395916
3.96e-06 	 0.294 	 0.00427641 	 -3.01865 	 0.00386608
3.96667e-06 	 0.295 	 0 	 -3.85092 	 0.00372226
3.97333e-06 	 0.296 	 0 	 -4.26923 	 0.00352886
3.98e-06 	 0.297 	 0 	 -4.25467 	 0.00330026
3.98667e-06 	 0.298 	 0 	 -4.17753 	 0.00306028
3.99333e-06 	 0.299 	 0 	 -4.12448 	 0.00282289
4e-06 	 0.3 	 0 	 -4.01888 	 0.00258917
4.00667e-06 	 0.301 	 0 	 -3.86546 	 0.00235991
4.01333e-06 	 0.302 	 0 	 -3.67049 	 0.00213794
4.02e-06 	 0.303 	 0 	 -3.43732 	 0.00192578
4.02667e-06 	 0.304 	 0 	 -3.20756 	 0.00172568
4.03333e-06 	 0.305 	 0 	 -2.97075 	 0.0015386
4.04e-06 	 0.306 	 0 	 -2.71161 	 0.00136467
4.04667e-06 	 0.307 	 0 	 -2.44636 	 0.00120469
4.05333e-06 	 0.308 	 0 	 -2.19578 	 0.00105948
4.06e-06 	 0.309 	 0 	 -1.96385 	 0.000928791
4.06667e-06 	 0.31 	 0 	 -1.75969 	 0.000811686
4.07333e-06 	 0.311 	 0 	 -1.56643 	 0.000706857
4.08e-06 	 0.312 	 0 	 -1.38208 	 0.000613217
4.08667e-06 	 0.313 	 0 	 -1.21254 	 0.000530208
4.09333e-06 	 0.314 	 0 	 -1.0559 	 0.000457162
4.1e-06 	 0.315 	 0 	 -0.923534 	 0.000393299
4.10667e-06 	 0.316 	 0 	 -0.802641 	 0.000337572
4.11333e-06 	 0.317 	 0 	 -0.696725 	 0.000288975
4.12e-06 	 0.318 	 0 	 -0.599342 	 0.000246764
4.12667e-06 	 0.319 	 0 	 -0.520124 	 0.000210276
4.13333e-06 	 0.32 	 0 	 -0.447911 	 0.00017876
4.14e-06 	 0.321 	 0 	 -0.377253 	 0.000151507
4.14667e-06 	 0.322 	 0 	 -0.327983 	 0.000128276
4.15333e-06 	 0.323 	 0 	 -0.277557 	 0.000108422
4.16e-06 	 0.324 	 0 	 -0.234101 	 9.13738e-05
4.16667e-06 	 0.325 	 0 	 -0.20233 	 7.69692e-05
4.17333e-06 	 0.326 	 0 	 -0.169255 	 6.46824e-05
4.18e-06 	 0.327 	 0 	 -0.143381 	 5.42212e-05
4.18667e-06 	 0.328 	 0 	 -0.121986 	 4.54196e-05
4.19333e-06 	 0.329 	 0 	 -0.101594 	 3.79488e-05
4.2e-06 	 0.33 	 0 	 -0.0858977 	 3.16543e-05
4.20667e-06 	 0.331 	 0 	 -0.0717199 	 2.63759e-05
4.21333e-06 	 0.332 	 0 	 -0.0599937 	 2.19385e-05
4.22e-06 	 0.333 	 0 	 -0.0506875 	 1.82304e-05
4.22667e-06 	 0.334 	 0 	 -0.0418397 	 1.51144e-05
4.23333e-06 	 0.335 	 0 	 -0.0347485 	 1.25095e-05
4.24e-06 	 0.336 	 0 	 -0.0289501 	 1.03533e-05
4.24667e-06 	 0.337 	 0 	 -0.0241613 	 8.56e-06
4.25333e-06 	 0.338 	 0 	 -0.020173 	 7.06477e-06
4.26e-06 	 0.339 	 0 	 -0.0166719 	 5.81663e-06
4.26667e-06 	 0.34 	 0 	 -0.0137619 	 4.77934e-06
4.27333e-06 	 0.341 	 0 	 -0.0113655 	 3.92254e-06
4.28e-06 	 0.342 	 0 	 -0.00933286 	 3.21513e-06
4.28667e-06 	 0.343 	 0 	 -0.00769789 	 2.63241e-06
4.29333e-06 	 0.344 	 0 	 -0.00636525 	 2.15295e-06
4.3e-06 	 0.345 	 0 	 -0.00524791 	 1.75703e-06
4.30667e-06 	 0.346 	 0 	 -0.00429806 	 1.43008e-06
4.31333e-06 	 0.347 	 0 	 -0.0034964 	 1.16134e-06
4.32e-06 	 0.348 	 0 	 -0.00285099 	 9.41901e-07
4.32667e-06 	 0.349 	 0 	 -0.00232956 	 7.63204e-07
4.33333e-06 	 0.35 	 0 	 -0.00191106 	 6.17357e-07
4.34e-06 	 0.351 	 0 	 -0.00156741 	 4.97971e-07
4.34667e-06 	 0.352 	 0 	 -0.00128275 	 4.00042e-07
4.35333e-06 	 0.353 	 0 	 -0.00103892 	 3.19802e-07
4.36e-06 	 0.354 	 0 	 -0.000837346 	 2.54441e-07
4.36667e-06 	 0.355 	 0 	 -0.000675588 	 2.01618e-07
4.37333e-06 	 0.356 	 0 	 -0.000550951 	 1.59025e-07
4.38e-06 	 0.357 	 0 	 -0.000445725 	 1.24494e-07
4.38667e-06 	 0.358 	 0 	 -0.000360137 	 9.64351e-08
4.39333e-06 	 0.359 	 0 	 -0.000292266 	 7.37477e-08
4.4e-06 	 0.36 	 0 	 -0.000234608 	 5.53807e-08
4.40667e-06 	 0.361 	 0 	 -0.000190635 	 4.05477e-08
4.41333e-06 	 0.362 	 0 	 -0.000150927 	 2.85759e-08
4.42e-06 	 0.363 	 0 	 -0.00011506 	 1.89599e-08
4.42667e-06 	 0.364 	 0 	 -7.83361e-05 	 1.14716e-08
4.43333e-06 	 0.365 	 0 	 -4.45397e-05 	 6.02691e-09
4.44e-06 	 0.366 	 0 	 -1.93031e-05 	 2.56761e-09
4.44667e-06 	 0.367 	 0 	 0 	 7.7025e-10
4.45333e-06 	 0.368 	 0 	 0 	 2.26811e-10
4.46e-06 	 0.369 	 0 	 0 	 2.26811e-10
# MSE  -0.3 9.07592680479e-07
