# (t) 	 (c tau) 	 (p0) 	 (pzD) 	 (p0FF)
0 	 -0.4 	 0 	 0 	 0
6.66667e-09 	 -0.399 	 0 	 0 	 0
1.33333e-08 	 -0.398 	 0 	 0 	 0
2e-08 	 -0.397 	 0 	 0 	 0
2.66667e-08 	 -0.396 	 0 	 0 	 0
3.33333e-08 	 -0.395 	 0 	 0 	 0
4e-08 	 -0.394 	 0 	 0 	 0
4.66667e-08 	 -0.393 	 0 	 0 	 0
5.33333e-08 	 -0.392 	 0 	 0 	 0
6e-08 	 -0.391 	 0 	 0 	 0
6.66667e-08 	 -0.39 	 0 	 0 	 0
7.33333e-08 	 -0.389 	 0 	 0 	 0
8e-08 	 -0.388 	 0 	 0 	 0
8.66667e-08 	 -0.387 	 0 	 0 	 0
9.33333e-08 	 -0.386 	 0 	 0 	 0
1e-07 	 -0.385 	 0 	 0 	 0
1.06667e-07 	 -0.384 	 0 	 0 	 0
1.13333e-07 	 -0.383 	 0 	 0 	 0
1.2e-07 	 -0.382 	 0 	 0 	 0
1.26667e-07 	 -0.381 	 0 	 0 	 0
1.33333e-07 	 -0.38 	 0 	 0 	 0
1.4e-07 	 -0.379 	 0 	 0 	 0
1.46667e-07 	 -0.378 	 0 	 0 	 0
1.53333e-07 	 -0.377 	 0 	 0 	 0
1.6e-07 	 -0.376 	 0 	 0 	 0
1.66667e-07 	 -0.375 	 0 	 0 	 0
1.73333e-07 	 -0.374 	 0 	 0 	 0
1.8e-07 	 -0.373 	 0 	 0 	 0
1.86667e-07 	 -0.372 	 0 	 0 	 0
1.93333e-07 	 -0.371 	 0 	 0 	 0
2e-07 	 -0.37 	 0 	 0 	 0
2.06667e-07 	 -0.369 	 0 	 0 	 0
2.13333e-07 	 -0.368 	 0 	 0 	 0
2.2e-07 	 -0.367 	 0 	 0 	 0
2.26667e-07 	 -0.366 	 0 	 0 	 0
2.33333e-07 	 -0.365 	 0 	 0 	 0
2.4e-07 	 -0.364 	 0 	 0 	 0
2.46667e-07 	 -0.363 	 0 	 0 	 0
2.53333e-07 	 -0.362 	 0 	 0 	 0
2.6e-07 	 -0.361 	 0 	 0 	 0
2.66667e-07 	 -0.36 	 0 	 0 	 0
2.73333e-07 	 -0.359 	 0 	 0 	 0
2.8e-07 	 -0.358 	 0 	 0 	 0
2.86667e-07 	 -0.357 	 0 	 0 	 0
2.93333e-07 	 -0.356 	 0 	 0 	 0
3e-07 	 -0.355 	 0 	 0 	 0
3.06667e-07 	 -0.354 	 0 	 0 	 0
3.13333e-07 	 -0.353 	 0 	 0 	 0
3.2e-07 	 -0.352 	 0 	 0 	 0
3.26667e-07 	 -0.351 	 0 	 0 	 0
3.33333e-07 	 -0.35 	 0 	 0 	 0
3.4e-07 	 -0.349 	 0 	 0 	 0
3.46667e-07 	 -0.348 	 0 	 0 	 0
3.53333e-07 	 -0.347 	 0 	 0 	 0
3.6e-07 	 -0.346 	 0 	 0 	 0
3.66667e-07 	 -0.345 	 0 	 0 	 0
3.73333e-07 	 -0.344 	 0 	 0 	 0
3.8e-07 	 -0.343 	 0 	 0 	 0
3.86667e-07 	 -0.342 	 0 	 0 	 0
3.93333e-07 	 -0.341 	 0 	 0 	 0
4e-07 	 -0.34 	 0 	 0 	 0
4.06667e-07 	 -0.339 	 0 	 0 	 0
4.13333e-07 	 -0.338 	 0 	 0 	 0
4.2e-07 	 -0.337 	 0 	 0 	 0
4.26667e-07 	 -0.336 	 0 	 0 	 0
4.33333e-07 	 -0.335 	 0 	 0 	 0
4.4e-07 	 -0.334 	 0 	 0 	 0
4.46667e-07 	 -0.333 	 0 	 0 	 0
4.53333e-07 	 -0.332 	 0 	 0 	 0
4.6e-07 	 -0.331 	 0 	 0 	 0
4.66667e-07 	 -0.33 	 0 	 0 	 0
4.73333e-07 	 -0.329 	 0 	 0 	 0
4.8e-07 	 -0.328 	 0 	 0 	 0
4.86667e-07 	 -0.327 	 0 	 0 	 0
4.93333e-07 	 -0.326 	 0 	 0 	 0
5e-07 	 -0.325 	 0 	 0 	 0
5.06667e-07 	 -0.324 	 0 	 0 	 0
5.13333e-07 	 -0.323 	 0 	 0 	 0
5.2e-07 	 -0.322 	 0 	 0 	 0
5.26667e-07 	 -0.321 	 0 	 0 	 0
5.33333e-07 	 -0.32 	 0 	 0 	 0
5.4e-07 	 -0.319 	 0 	 0 	 0
5.46667e-07 	 -0.318 	 0 	 0 	 0
5.53333e-07 	 -0.317 	 0 	 0 	 0
5.6e-07 	 -0.316 	 0 	 0 	 0
5.66667e-07 	 -0.315 	 0 	 0 	 0
5.73333e-07 	 -0.314 	 0 	 0 	 0
5.8e-07 	 -0.313 	 0 	 0 	 0
5.86667e-07 	 -0.312 	 0 	 0 	 0
5.93333e-07 	 -0.311 	 0 	 0 	 0
6e-07 	 -0.31 	 0 	 0 	 0
6.06667e-07 	 -0.309 	 0 	 0 	 0
6.13333e-07 	 -0.308 	 0 	 0 	 0
6.2e-07 	 -0.307 	 0 	 0 	 0
6.26667e-07 	 -0.306 	 0 	 0 	 0
6.33333e-07 	 -0.305 	 0 	 0 	 0
6.4e-07 	 -0.304 	 0 	 0 	 0
6.46667e-07 	 -0.303 	 0 	 0 	 0
6.53333e-07 	 -0.302 	 0 	 0 	 0
6.6e-07 	 -0.301 	 0 	 0 	 0
6.66667e-07 	 -0.3 	 0 	 0 	 0
6.73333e-07 	 -0.299 	 0 	 0 	 0
6.8e-07 	 -0.298 	 0 	 0 	 0
6.86667e-07 	 -0.297 	 0 	 0 	 0
6.93333e-07 	 -0.296 	 0 	 0 	 0
7e-07 	 -0.295 	 0 	 0 	 0
7.06667e-07 	 -0.294 	 0 	 0 	 0
7.13333e-07 	 -0.293 	 0 	 0 	 0
7.2e-07 	 -0.292 	 0 	 0 	 0
7.26667e-07 	 -0.291 	 0 	 0 	 0
7.33333e-07 	 -0.29 	 0 	 0 	 0
7.4e-07 	 -0.289 	 0 	 0 	 0
7.46667e-07 	 -0.288 	 0 	 0 	 0
7.53333e-07 	 -0.287 	 0 	 0 	 0
7.6e-07 	 -0.286 	 0 	 0 	 0
7.66667e-07 	 -0.285 	 0 	 0 	 0
7.73333e-07 	 -0.284 	 0 	 0 	 0
7.8e-07 	 -0.283 	 0 	 0 	 0
7.86667e-07 	 -0.282 	 0 	 0 	 0
7.93333e-07 	 -0.281 	 0 	 0 	 0
8e-07 	 -0.28 	 0 	 0 	 0
8.06667e-07 	 -0.279 	 0 	 0 	 0
8.13333e-07 	 -0.278 	 0 	 0 	 0
8.2e-07 	 -0.277 	 0 	 0 	 0
8.26667e-07 	 -0.276 	 0 	 0 	 0
8.33333e-07 	 -0.275 	 0 	 0 	 0
8.4e-07 	 -0.274 	 0 	 0 	 0
8.46667e-07 	 -0.273 	 0 	 0 	 0
8.53333e-07 	 -0.272 	 0 	 0 	 0
8.6e-07 	 -0.271 	 0 	 0 	 0
8.66667e-07 	 -0.27 	 0 	 0 	 0
8.73333e-07 	 -0.269 	 0 	 0 	 0
8.8e-07 	 -0.268 	 0 	 0 	 0
8.86667e-07 	 -0.267 	 0 	 0 	 0
8.93333e-07 	 -0.266 	 0 	 0 	 0
9e-07 	 -0.265 	 0 	 0 	 0
9.06667e-07 	 -0.264 	 0 	 0 	 0
9.13333e-07 	 -0.263 	 0 	 0 	 0
9.2e-07 	 -0.262 	 0 	 0 	 0
9.26667e-07 	 -0.261 	 0 	 0 	 0
9.33333e-07 	 -0.26 	 0 	 0 	 0
9.4e-07 	 -0.259 	 0 	 0 	 0
9.46667e-07 	 -0.258 	 0 	 0 	 0
9.53333e-07 	 -0.257 	 0 	 0 	 0
9.6e-07 	 -0.256 	 0 	 0 	 0
9.66667e-07 	 -0.255 	 0 	 0 	 0
9.73333e-07 	 -0.254 	 0 	 0 	 0
9.8e-07 	 -0.253 	 0 	 0 	 0
9.86667e-07 	 -0.252 	 0 	 0 	 0
9.93333e-07 	 -0.251 	 0 	 0 	 0
1e-06 	 -0.25 	 0 	 0 	 0
1.00667e-06 	 -0.249 	 0 	 0 	 0
1.01333e-06 	 -0.248 	 0 	 0 	 0
1.02e-06 	 -0.247 	 0 	 0 	 0
1.02667e-06 	 -0.246 	 0 	 0 	 0
1.03333e-06 	 -0.245 	 0 	 0 	 0
1.04e-06 	 -0.244 	 0 	 0 	 0
1.04667e-06 	 -0.243 	 0 	 0 	 0
1.05333e-06 	 -0.242 	 0 	 0 	 0
1.06e-06 	 -0.241 	 0 	 0 	 0
1.06667e-06 	 -0.24 	 0 	 0 	 0
1.07333e-06 	 -0.239 	 0 	 0 	 0
1.08e-06 	 -0.238 	 0 	 0 	 0
1.08667e-06 	 -0.237 	 0 	 0 	 0
1.09333e-06 	 -0.236 	 0 	 0 	 0
1.1e-06 	 -0.235 	 0 	 0 	 0
1.10667e-06 	 -0.234 	 0 	 0 	 0
1.11333e-06 	 -0.233 	 0 	 0 	 0
1.12e-06 	 -0.232 	 0 	 0 	 0
1.12667e-06 	 -0.231 	 0 	 0 	 0
1.13333e-06 	 -0.23 	 0 	 0 	 0
1.14e-06 	 -0.229 	 0 	 0 	 0
1.14667e-06 	 -0.228 	 0 	 0 	 0
1.15333e-06 	 -0.227 	 0 	 0 	 0
1.16e-06 	 -0.226 	 0 	 0 	 0
1.16667e-06 	 -0.225 	 0 	 0 	 0
1.17333e-06 	 -0.224 	 0 	 0 	 0
1.18e-06 	 -0.223 	 0 	 0 	 0
1.18667e-06 	 -0.222 	 0 	 0 	 0
1.19333e-06 	 -0.221 	 0 	 0 	 0
1.2e-06 	 -0.22 	 0 	 0 	 0
1.20667e-06 	 -0.219 	 0 	 0 	 0
1.21333e-06 	 -0.218 	 0 	 0 	 0
1.22e-06 	 -0.217 	 0 	 0 	 0
1.22667e-06 	 -0.216 	 0 	 0 	 0
1.23333e-06 	 -0.215 	 0 	 0 	 0
1.24e-06 	 -0.214 	 0 	 0 	 0
1.24667e-06 	 -0.213 	 0 	 0 	 0
1.25333e-06 	 -0.212 	 0 	 0 	 0
1.26e-06 	 -0.211 	 0 	 0 	 0
1.26667e-06 	 -0.21 	 0 	 0 	 0
1.27333e-06 	 -0.209 	 0 	 0 	 0
1.28e-06 	 -0.208 	 0 	 0 	 0
1.28667e-06 	 -0.207 	 0 	 0 	 0
1.29333e-06 	 -0.206 	 0 	 0 	 0
1.3e-06 	 -0.205 	 0 	 0 	 0
1.30667e-06 	 -0.204 	 0 	 0 	 0
1.31333e-06 	 -0.203 	 0 	 0 	 0
1.32e-06 	 -0.202 	 0 	 0 	 0
1.32667e-06 	 -0.201 	 0 	 0 	 0
1.33333e-06 	 -0.2 	 0 	 0 	 0
1.34e-06 	 -0.199 	 0 	 0 	 0
1.34667e-06 	 -0.198 	 0 	 0 	 0
1.35333e-06 	 -0.197 	 0 	 0 	 0
1.36e-06 	 -0.196 	 0 	 0 	 0
1.36667e-06 	 -0.195 	 0 	 0 	 0
1.37333e-06 	 -0.194 	 0 	 0 	 0
1.38e-06 	 -0.193 	 0 	 0 	 0
1.38667e-06 	 -0.192 	 0 	 0 	 0
1.39333e-06 	 -0.191 	 0 	 0 	 0
1.4e-06 	 -0.19 	 0 	 0 	 0
1.40667e-06 	 -0.189 	 0 	 0 	 0
1.41333e-06 	 -0.188 	 0 	 0 	 0
1.42e-06 	 -0.187 	 0 	 0 	 0
1.42667e-06 	 -0.186 	 0 	 0 	 0
1.43333e-06 	 -0.185 	 0 	 0 	 0
1.44e-06 	 -0.184 	 0 	 0 	 0
1.44667e-06 	 -0.183 	 0 	 0 	 0
1.45333e-06 	 -0.182 	 0 	 0 	 0
1.46e-06 	 -0.181 	 0 	 0 	 0
1.46667e-06 	 -0.18 	 0 	 0 	 0
1.47333e-06 	 -0.179 	 0 	 0 	 0
1.48e-06 	 -0.178 	 0 	 0 	 0
1.48667e-06 	 -0.177 	 0 	 0 	 0
1.49333e-06 	 -0.176 	 0 	 0 	 0
1.5e-06 	 -0.175 	 0 	 0 	 0
1.50667e-06 	 -0.174 	 0 	 0 	 0
1.51333e-06 	 -0.173 	 0 	 0 	 0
1.52e-06 	 -0.172 	 0 	 0 	 0
1.52667e-06 	 -0.171 	 0 	 0 	 0
1.53333e-06 	 -0.17 	 0 	 0 	 0
1.54e-06 	 -0.169 	 0 	 0 	 0
1.54667e-06 	 -0.168 	 0 	 0 	 0
1.55333e-06 	 -0.167 	 0 	 0 	 0
1.56e-06 	 -0.166 	 0 	 0 	 0
1.56667e-06 	 -0.165 	 0 	 0 	 0
1.57333e-06 	 -0.164 	 0 	 0 	 0
1.58e-06 	 -0.163 	 0 	 0 	 0
1.58667e-06 	 -0.162 	 0 	 0 	 0
1.59333e-06 	 -0.161 	 0 	 0 	 0
1.6e-06 	 -0.16 	 0 	 0 	 0
1.60667e-06 	 -0.159 	 0 	 0 	 0
1.61333e-06 	 -0.158 	 0 	 0 	 0
1.62e-06 	 -0.157 	 0 	 0 	 0
1.62667e-06 	 -0.156 	 0 	 0 	 0
1.63333e-06 	 -0.155 	 0 	 0 	 0
1.64e-06 	 -0.154 	 0 	 0 	 0
1.64667e-06 	 -0.153 	 0 	 0 	 0
1.65333e-06 	 -0.152 	 0 	 0 	 0
1.66e-06 	 -0.151 	 0 	 0 	 0
1.66667e-06 	 -0.15 	 0 	 0 	 0
1.67333e-06 	 -0.149 	 0 	 0 	 0
1.68e-06 	 -0.148 	 0 	 0 	 0
1.68667e-06 	 -0.147 	 0 	 0 	 0
1.69333e-06 	 -0.146 	 0 	 0 	 0
1.7e-06 	 -0.145 	 0 	 0 	 0
1.70667e-06 	 -0.144 	 0 	 0 	 0
1.71333e-06 	 -0.143 	 0 	 0 	 0
1.72e-06 	 -0.142 	 0 	 0 	 0
1.72667e-06 	 -0.141 	 0 	 0 	 0
1.73333e-06 	 -0.14 	 0 	 0 	 0
1.74e-06 	 -0.139 	 0 	 0 	 0
1.74667e-06 	 -0.138 	 0 	 0 	 0
1.75333e-06 	 -0.137 	 0 	 0 	 0
1.76e-06 	 -0.136 	 0 	 0 	 0
1.76667e-06 	 -0.135 	 0 	 0 	 0
1.77333e-06 	 -0.134 	 0 	 0 	 0
1.78e-06 	 -0.133 	 0 	 0 	 0
1.78667e-06 	 -0.132 	 0 	 0 	 0
1.79333e-06 	 -0.131 	 0 	 0 	 0
1.8e-06 	 -0.13 	 0 	 0 	 0
1.80667e-06 	 -0.129 	 0 	 0 	 0
1.81333e-06 	 -0.128 	 0 	 0 	 0
1.82e-06 	 -0.127 	 0 	 0 	 0
1.82667e-06 	 -0.126 	 0 	 0 	 0
1.83333e-06 	 -0.125 	 0 	 0 	 0
1.84e-06 	 -0.124 	 0 	 0 	 0
1.84667e-06 	 -0.123 	 0 	 0 	 0
1.85333e-06 	 -0.122 	 0 	 0 	 0
1.86e-06 	 -0.121 	 0 	 0 	 0
1.86667e-06 	 -0.12 	 0 	 0 	 0
1.87333e-06 	 -0.119 	 0 	 0 	 0
1.88e-06 	 -0.118 	 0 	 0 	 0
1.88667e-06 	 -0.117 	 0 	 0 	 0
1.89333e-06 	 -0.116 	 0 	 0 	 0
1.9e-06 	 -0.115 	 0 	 0 	 0
1.90667e-06 	 -0.114 	 0 	 0 	 0
1.91333e-06 	 -0.113 	 0 	 0 	 0
1.92e-06 	 -0.112 	 0 	 0 	 0
1.92667e-06 	 -0.111 	 0 	 0 	 0
1.93333e-06 	 -0.11 	 0 	 0 	 0
1.94e-06 	 -0.109 	 0 	 0 	 0
1.94667e-06 	 -0.108 	 0 	 0 	 0
1.95333e-06 	 -0.107 	 0 	 0 	 0
1.96e-06 	 -0.106 	 0 	 0 	 0
1.96667e-06 	 -0.105 	 0 	 0 	 0
1.97333e-06 	 -0.104 	 0 	 0 	 0
1.98e-06 	 -0.103 	 0 	 0 	 0
1.98667e-06 	 -0.102 	 0 	 0 	 0
1.99333e-06 	 -0.101 	 0 	 0 	 0
2e-06 	 -0.1 	 0 	 0 	 0
2.00667e-06 	 -0.099 	 0 	 0 	 0
2.01333e-06 	 -0.098 	 0 	 0 	 0
2.02e-06 	 -0.097 	 0 	 0 	 0
2.02667e-06 	 -0.096 	 0 	 0 	 0
2.03333e-06 	 -0.095 	 0 	 0 	 0
2.04e-06 	 -0.094 	 0 	 0 	 0
2.04667e-06 	 -0.093 	 0 	 0 	 0
2.05333e-06 	 -0.092 	 0 	 0 	 0
2.06e-06 	 -0.091 	 0 	 0 	 0
2.06667e-06 	 -0.09 	 0 	 0 	 0
2.07333e-06 	 -0.089 	 0 	 0 	 0
2.08e-06 	 -0.088 	 0 	 0 	 0
2.08667e-06 	 -0.087 	 0 	 0 	 0
2.09333e-06 	 -0.086 	 0 	 0 	 0
2.1e-06 	 -0.085 	 0 	 0 	 0
2.10667e-06 	 -0.084 	 0 	 0 	 0
2.11333e-06 	 -0.083 	 0 	 0 	 0
2.12e-06 	 -0.082 	 0 	 0 	 0
2.12667e-06 	 -0.081 	 0 	 0 	 0
2.13333e-06 	 -0.08 	 0 	 0 	 0
2.14e-06 	 -0.079 	 0 	 0 	 0
2.14667e-06 	 -0.078 	 0 	 0 	 0
2.15333e-06 	 -0.077 	 0 	 0 	 0
2.16e-06 	 -0.076 	 0 	 0 	 0
2.16667e-06 	 -0.075 	 0 	 0 	 0
2.17333e-06 	 -0.074 	 0 	 0 	 0
2.18e-06 	 -0.073 	 0 	 0 	 0
2.18667e-06 	 -0.072 	 0 	 0 	 0
2.19333e-06 	 -0.071 	 0 	 0 	 0
2.2e-06 	 -0.07 	 0 	 0 	 0
2.20667e-06 	 -0.069 	 0 	 0 	 0
2.21333e-06 	 -0.068 	 0 	 0 	 0
2.22e-06 	 -0.067 	 0 	 0 	 0
2.22667e-06 	 -0.066 	 0 	 0 	 0
2.23333e-06 	 -0.065 	 0 	 0 	 0
2.24e-06 	 -0.064 	 0 	 0 	 0
2.24667e-06 	 -0.063 	 0 	 0 	 0
2.25333e-06 	 -0.062 	 0 	 0 	 0
2.26e-06 	 -0.061 	 0 	 0 	 0
2.26667e-06 	 -0.06 	 0 	 0 	 0
2.27333e-06 	 -0.059 	 0 	 0 	 0
2.28e-06 	 -0.058 	 0 	 0 	 0
2.28667e-06 	 -0.057 	 0 	 0 	 0
2.29333e-06 	 -0.056 	 0 	 0 	 0
2.3e-06 	 -0.055 	 0 	 0 	 0
2.30667e-06 	 -0.054 	 0 	 0 	 0
2.31333e-06 	 -0.053 	 0 	 0 	 0
2.32e-06 	 -0.052 	 0 	 0 	 0
2.32667e-06 	 -0.051 	 0 	 0 	 0
2.33333e-06 	 -0.05 	 0 	 0 	 0
2.34e-06 	 -0.049 	 0 	 0 	 0
2.34667e-06 	 -0.048 	 0 	 0 	 0
2.35333e-06 	 -0.047 	 0 	 0 	 0
2.36e-06 	 -0.046 	 0 	 0 	 0
2.36667e-06 	 -0.045 	 0 	 0 	 0
2.37333e-06 	 -0.044 	 0 	 0 	 0
2.38e-06 	 -0.043 	 0 	 0 	 0
2.38667e-06 	 -0.042 	 0 	 0 	 0
2.39333e-06 	 -0.041 	 0 	 0 	 0
2.4e-06 	 -0.04 	 0 	 0 	 0
2.40667e-06 	 -0.039 	 0 	 0 	 0
2.41333e-06 	 -0.038 	 0 	 0 	 0
2.42e-06 	 -0.037 	 0 	 0 	 0
2.42667e-06 	 -0.036 	 0 	 0 	 0
2.43333e-06 	 -0.035 	 0 	 0 	 0
2.44e-06 	 -0.034 	 0 	 0 	 0
2.44667e-06 	 -0.033 	 0 	 0 	 0
2.45333e-06 	 -0.032 	 0 	 0 	 0
2.46e-06 	 -0.031 	 0 	 0 	 0
2.46667e-06 	 -0.03 	 0 	 0 	 0
2.47333e-06 	 -0.029 	 0 	 0 	 0
2.48e-06 	 -0.028 	 0 	 0 	 0
2.48667e-06 	 -0.027 	 0 	 0 	 0
2.49333e-06 	 -0.026 	 0 	 0 	 0
2.5e-06 	 -0.025 	 0 	 0 	 0
2.50667e-06 	 -0.024 	 0 	 0 	 0
2.51333e-06 	 -0.023 	 0 	 0 	 0
2.52e-06 	 -0.022 	 0 	 0 	 0
2.52667e-06 	 -0.021 	 0 	 0 	 0
2.53333e-06 	 -0.02 	 0 	 0 	 0
2.54e-06 	 -0.019 	 0 	 0 	 0
2.54667e-06 	 -0.018 	 0 	 0 	 0
2.55333e-06 	 -0.017 	 0 	 0 	 0
2.56e-06 	 -0.016 	 0 	 0 	 0
2.56667e-06 	 -0.015 	 0 	 0 	 0
2.57333e-06 	 -0.014 	 0 	 0 	 0
2.58e-06 	 -0.013 	 0 	 0 	 0
2.58667e-06 	 -0.012 	 0 	 0 	 0
2.59333e-06 	 -0.011 	 0 	 0 	 0
2.6e-06 	 -0.01 	 0 	 0 	 0
2.60667e-06 	 -0.009 	 0 	 0 	 0
2.61333e-06 	 -0.008 	 0 	 0 	 0
2.62e-06 	 -0.007 	 0 	 0 	 0
2.62667e-06 	 -0.006 	 0 	 0 	 0
2.63333e-06 	 -0.005 	 0 	 0 	 0
2.64e-06 	 -0.004 	 0 	 0 	 0
2.64667e-06 	 -0.003 	 0 	 0.220349 	 0
2.65333e-06 	 -0.002 	 0 	 0.658701 	 7.48603e-06
2.66e-06 	 -0.001 	 0 	 1.09377 	 3.73505e-05
2.66667e-06 	 0 	 0.00206672 	 1.53636 	 9.6888e-05
2.67333e-06 	 0.001 	 0.00206383 	 1.75304 	 0.000186243
2.68e-06 	 0.002 	 0.00206094 	 1.74766 	 0.000297995
2.68667e-06 	 0.003 	 0.00205805 	 1.75365 	 0.000416926
2.69333e-06 	 0.004 	 0.00205518 	 1.73819 	 0.000535878
2.7e-06 	 0.005 	 0.0020523 	 1.73171 	 0.000654508
2.70667e-06 	 0.006 	 0.00204943 	 1.73943 	 0.000772393
2.71333e-06 	 0.007 	 0.00204656 	 1.72537 	 0.000890321
2.72e-06 	 0.008 	 0.0020437 	 1.70512 	 0.00100803
2.72667e-06 	 0.009 	 0.00204084 	 1.66976 	 0.00112458
2.73333e-06 	 0.01 	 0.00203798 	 1.61309 	 0.00123923
2.74e-06 	 0.011 	 0.00203513 	 1.54738 	 0.00135076
2.74667e-06 	 0.012 	 0.00203229 	 1.48279 	 0.00145814
2.75333e-06 	 0.013 	 0.00202944 	 1.41931 	 0.00156108
2.76e-06 	 0.014 	 0.0020266 	 1.33128 	 0.00165968
2.76667e-06 	 0.015 	 0.00202377 	 1.25568 	 0.00175312
2.77333e-06 	 0.016 	 0.00202094 	 1.19197 	 0.00184101
2.78e-06 	 0.017 	 0.00201811 	 1.09982 	 0.00192417
2.78667e-06 	 0.018 	 0.00201529 	 1.0258 	 0.00200203
2.79333e-06 	 0.019 	 0.00201247 	 0.94892 	 0.00207424
2.8e-06 	 0.02 	 0.00200965 	 0.857534 	 0.00214133
2.80667e-06 	 0.021 	 0.00200684 	 0.782448 	 0.0022027
2.81333e-06 	 0.022 	 0.00200403 	 0.722625 	 0.00225842
2.82e-06 	 0.023 	 0.00200123 	 0.647861 	 0.00230955
2.82667e-06 	 0.024 	 0.00199843 	 0.597085 	 0.00235611
2.83333e-06 	 0.025 	 0.00199563 	 0.534618 	 0.00239841
2.84e-06 	 0.026 	 0.00199284 	 0.457984 	 0.00243686
2.84667e-06 	 0.027 	 0.00199005 	 0.42041 	 0.00247058
2.85333e-06 	 0.028 	 0.00198727 	 0.352666 	 0.00250042
2.86e-06 	 0.029 	 0.00198449 	 0.318557 	 0.00252669
2.86667e-06 	 0.03 	 0.00198171 	 0.28136 	 0.00254949
2.87333e-06 	 0.031 	 0.00197894 	 0.223075 	 0.00256987
2.88e-06 	 0.032 	 0.00197617 	 0.201836 	 0.00258701
2.88667e-06 	 0.033 	 0.00197341 	 0.179443 	 0.00260144
2.89333e-06 	 0.034 	 0.00197065 	 0.13689 	 0.0026144
2.9e-06 	 0.035 	 0.00196789 	 0.10613 	 0.00262514
2.90667e-06 	 0.036 	 0.00196514 	 0.0860875 	 0.0026334
2.91333e-06 	 0.037 	 0.00196239 	 0.0404999 	 0.00263993
2.92e-06 	 0.038 	 0.00195964 	 0.0343116 	 0.00264423
2.92667e-06 	 0.039 	 0.0019569 	 0.0318931 	 0.00264677
2.93333e-06 	 0.04 	 0.00195416 	 0.0014033 	 0.00264902
2.94e-06 	 0.041 	 0.00195143 	 -0.0133195 	 0.00265015
2.94667e-06 	 0.042 	 0.0019487 	 -0.040986 	 0.00264975
2.95333e-06 	 0.043 	 0.00194597 	 -0.0511215 	 0.0026479
2.96e-06 	 0.044 	 0.00194325 	 -0.058902 	 0.00264477
2.96667e-06 	 0.045 	 0.00194053 	 -0.0625995 	 0.00264104
2.97333e-06 	 0.046 	 0.00193782 	 -0.0572067 	 0.00263691
2.98e-06 	 0.047 	 0.0019351 	 -0.0706753 	 0.00263284
2.98667e-06 	 0.048 	 0.0019324 	 -0.0869554 	 0.00262849
2.99333e-06 	 0.049 	 0.00192969 	 -0.0910615 	 0.00262314
3e-06 	 0.05 	 0.00192699 	 -0.101386 	 0.00261709
3.00667e-06 	 0.051 	 0.0019243 	 -0.111723 	 0.00261055
3.01333e-06 	 0.052 	 0.00192161 	 -0.104631 	 0.00260331
3.02e-06 	 0.053 	 0.00191892 	 -0.119722 	 0.00259596
3.02667e-06 	 0.054 	 0.00191623 	 -0.121035 	 0.00258834
3.03333e-06 	 0.055 	 0.00191355 	 -0.129383 	 0.00258016
3.04e-06 	 0.056 	 0.00191087 	 -0.120819 	 0.00257165
3.04667e-06 	 0.057 	 0.0019082 	 -0.107232 	 0.00256315
3.05333e-06 	 0.058 	 0.00190553 	 -0.107418 	 0.0025554
3.06e-06 	 0.059 	 0.00190287 	 -0.116271 	 0.00254811
3.06667e-06 	 0.06 	 0.0019002 	 -0.144363 	 0.00254051
3.07333e-06 	 0.061 	 0.00189755 	 -0.135237 	 0.00253166
3.08e-06 	 0.062 	 0.00189489 	 -0.136783 	 0.00252216
3.08667e-06 	 0.063 	 0.00189224 	 -0.129133 	 0.00251292
3.09333e-06 	 0.064 	 0.00188959 	 -0.114607 	 0.00250388
3.1e-06 	 0.065 	 0.00188695 	 -0.135002 	 0.0024956
3.10667e-06 	 0.066 	 0.00188431 	 -0.135748 	 0.00248712
3.11333e-06 	 0.067 	 0.00188167 	 -0.128229 	 0.00247792
3.12e-06 	 0.068 	 0.00187904 	 -0.123251 	 0.00246896
3.12667e-06 	 0.069 	 0.00187641 	 -0.131598 	 0.00246041
3.13333e-06 	 0.07 	 0.00187379 	 -0.130819 	 0.00245175
3.14e-06 	 0.071 	 0.00187116 	 -0.122402 	 0.00244284
3.14667e-06 	 0.072 	 0.00186855 	 -0.141471 	 0.00243424
3.15333e-06 	 0.073 	 0.00186593 	 -0.127422 	 0.00242527
3.16e-06 	 0.074 	 0.00186332 	 -0.121797 	 0.00241614
3.16667e-06 	 0.075 	 0.00186072 	 -0.138357 	 0.00240767
3.17333e-06 	 0.076 	 0.00185811 	 -0.125541 	 0.00239883
3.18e-06 	 0.077 	 0.00185551 	 -0.124271 	 0.00238987
3.18667e-06 	 0.078 	 0.00185292 	 -0.137117 	 0.00238138
3.19333e-06 	 0.079 	 0.00185032 	 -0.117268 	 0.0023725
3.2e-06 	 0.08 	 0.00184774 	 -0.116346 	 0.00236386
3.20667e-06 	 0.081 	 0.00184515 	 -0.130018 	 0.00235592
3.21333e-06 	 0.082 	 0.00184257 	 -0.116311 	 0.00234755
3.22e-06 	 0.083 	 0.00183999 	 -0.127683 	 0.00233918
3.22667e-06 	 0.084 	 0.00183742 	 -0.14292 	 0.00233089
3.23333e-06 	 0.085 	 0.00183485 	 -0.124061 	 0.0023217
3.24e-06 	 0.086 	 0.00183228 	 -0.118295 	 0.00231263
3.24667e-06 	 0.087 	 0.00182972 	 -0.117782 	 0.00230439
3.25333e-06 	 0.088 	 0.00182716 	 -0.107094 	 0.00229637
3.26e-06 	 0.089 	 0.0018246 	 -0.125792 	 0.00228873
3.26667e-06 	 0.09 	 0.00182205 	 -0.121965 	 0.00228082
3.27333e-06 	 0.091 	 0.0018195 	 -0.113042 	 0.0022724
3.28e-06 	 0.092 	 0.00181695 	 -0.124533 	 0.00226442
3.28667e-06 	 0.093 	 0.00181441 	 -0.112573 	 0.00225635
3.29333e-06 	 0.094 	 0.00181187 	 -0.119009 	 0.00224829
3.3e-06 	 0.095 	 0.00180934 	 -0.131502 	 0.00224043
3.30667e-06 	 0.096 	 0.00180681 	 -0.119852 	 0.00223192
3.31333e-06 	 0.097 	 0.00180428 	 -0.106672 	 0.00222338
3.32e-06 	 0.098 	 0.00180175 	 -0.106078 	 0.00221568
3.32667e-06 	 0.099 	 0.00179923 	 -0.102278 	 0.00220845
3.33333e-06 	 0.1 	 0.00179672 	 -0.113592 	 0.00220137
3.34e-06 	 0.101 	 0.0017942 	 -0.123795 	 0.00219404
3.34667e-06 	 0.102 	 0.00179169 	 -0.124095 	 0.00218598
3.35333e-06 	 0.103 	 0.00178919 	 -0.126683 	 0.00217755
3.36e-06 	 0.104 	 0.00178668 	 -0.107031 	 0.00216903
3.36667e-06 	 0.105 	 0.00178418 	 -0.114991 	 0.00216109
3.37333e-06 	 0.106 	 0.00178169 	 -0.109515 	 0.00215355
3.38e-06 	 0.107 	 0.0017792 	 -0.101517 	 0.00214592
3.38667e-06 	 0.108 	 0.00177671 	 -0.113931 	 0.00213875
3.39333e-06 	 0.109 	 0.00177422 	 -0.0993518 	 0.00213143
3.4e-06 	 0.11 	 0.00177174 	 -0.102761 	 0.00212419
3.40667e-06 	 0.111 	 0.00176926 	 -0.115165 	 0.00211732
3.41333e-06 	 0.112 	 0.00176678 	 -0.105988 	 0.00210992
3.42e-06 	 0.113 	 0.00176431 	 -0.108068 	 0.0021024
3.42667e-06 	 0.114 	 0.00176184 	 -0.112478 	 0.00209513
3.43333e-06 	 0.115 	 0.00175938 	 -0.102882 	 0.00208764
3.44e-06 	 0.116 	 0.00175692 	 -0.110268 	 0.00208032
3.44667e-06 	 0.117 	 0.00175446 	 -0.101134 	 0.00207308
3.45333e-06 	 0.118 	 0.00175201 	 -0.102848 	 0.0020659
3.46e-06 	 0.119 	 0.00174955 	 -0.112318 	 0.00205897
3.46667e-06 	 0.12 	 0.00174711 	 -0.0931341 	 0.00205166
3.47333e-06 	 0.121 	 0.00174466 	 -0.106397 	 0.00204468
3.48e-06 	 0.122 	 0.00174222 	 -0.101841 	 0.0020379
3.48667e-06 	 0.123 	 0.00173978 	 -0.0928655 	 0.00203083
3.49333e-06 	 0.124 	 0.00173735 	 -0.112069 	 0.00202421
3.5e-06 	 0.125 	 0.00173492 	 -0.102695 	 0.00201725
3.50667e-06 	 0.126 	 0.00173249 	 -0.0988315 	 0.00200995
3.51333e-06 	 0.127 	 0.00173007 	 -0.107075 	 0.00200311
3.52e-06 	 0.128 	 0.00172765 	 -0.0934054 	 0.00199611
3.52667e-06 	 0.129 	 0.00172523 	 -0.0996332 	 0.0019893
3.53333e-06 	 0.13 	 0.00172282 	 -0.111778 	 0.00198274
3.54e-06 	 0.131 	 0.00172041 	 -0.0938745 	 0.00197556
3.54667e-06 	 0.132 	 0.001718 	 -0.0918514 	 0.00196857
3.55333e-06 	 0.133 	 0.0017156 	 -0.0913063 	 0.00196226
3.56e-06 	 0.134 	 0.0017132 	 -0.0948197 	 0.00195604
3.56667e-06 	 0.135 	 0.0017108 	 -0.102826 	 0.00194972
3.57333e-06 	 0.136 	 0.00170841 	 -0.0996175 	 0.001943
3.58e-06 	 0.137 	 0.00170602 	 -0.108151 	 0.00193612
3.58667e-06 	 0.138 	 0.00170363 	 -0.0893491 	 0.00192907
3.59333e-06 	 0.139 	 0.00170125 	 -0.0802693 	 0.00192236
3.6e-06 	 0.14 	 0.00169887 	 -0.101097 	 0.00191659
3.60667e-06 	 0.141 	 0.00169649 	 -0.091207 	 0.00191043
3.61333e-06 	 0.142 	 0.00169412 	 -0.0909373 	 0.0019039
3.62e-06 	 0.143 	 0.00169175 	 -0.0973627 	 0.00189771
3.62667e-06 	 0.144 	 0.00168938 	 -0.0974835 	 0.00189131
3.63333e-06 	 0.145 	 0.00168702 	 -0.102572 	 0.00188469
3.64e-06 	 0.146 	 0.00168466 	 -0.0970794 	 0.0018779
3.64667e-06 	 0.147 	 0.0016823 	 -0.0931478 	 0.00187111
3.65333e-06 	 0.148 	 0.00167995 	 -0.0814097 	 0.00186465
3.66e-06 	 0.149 	 0.00167759 	 -0.077815 	 0.00185872
3.66667e-06 	 0.15 	 0.00167525 	 -0.0930328 	 0.00185331
3.67333e-06 	 0.151 	 0.0016729 	 -0.094376 	 0.00184751
3.68e-06 	 0.152 	 0.00167056 	 -0.0917544 	 0.00184114
3.68667e-06 	 0.153 	 0.00166823 	 -0.0908552 	 0.00183482
3.69333e-06 	 0.154 	 0.00166589 	 -0.0816771 	 0.00182861
3.7e-06 	 0.155 	 0.00166356 	 -0.0835637 	 0.00182275
3.70667e-06 	 0.156 	 0.00166123 	 -0.0872195 	 0.00181714
3.71333e-06 	 0.157 	 0.00165891 	 -0.0873077 	 0.00181134
3.72e-06 	 0.158 	 0.00165659 	 -0.0971664 	 0.00180541
3.72667e-06 	 0.159 	 0.00165427 	 -0.0905527 	 0.00179914
3.73333e-06 	 0.16 	 0.00165196 	 -0.0865536 	 0.00179276
3.74e-06 	 0.161 	 0.00164965 	 -0.0855014 	 0.00178674
3.74667e-06 	 0.162 	 0.00164734 	 -0.0710572 	 0.0017809
3.75333e-06 	 0.163 	 0.00164503 	 -0.0796379 	 0.00177558
3.76e-06 	 0.164 	 0.00164273 	 -0.0934225 	 0.00177046
3.76667e-06 	 0.165 	 0.00164043 	 -0.0917848 	 0.00176458
3.77333e-06 	 0.166 	 0.00163814 	 -0.0873499 	 0.00175829
3.78e-06 	 0.167 	 0.00163585 	 -0.0924858 	 0.0017522
3.78667e-06 	 0.168 	 0.00163356 	 -0.0766452 	 0.00174609
3.79333e-06 	 0.169 	 0.00163127 	 -0.0758758 	 0.00174035
3.8e-06 	 0.17 	 0.00162899 	 -0.0987466 	 0.00173517
3.80667e-06 	 0.171 	 0.00162671 	 -0.0806976 	 0.00172923
3.81333e-06 	 0.172 	 0.00162444 	 -0.0694585 	 0.00172314
3.82e-06 	 0.173 	 0.00162216 	 -0.0807815 	 0.00171804
3.82667e-06 	 0.174 	 0.00161989 	 -0.0745667 	 0.00171293
3.83333e-06 	 0.175 	 0.00161763 	 -0.0772276 	 0.00170765
3.84e-06 	 0.176 	 0.00161537 	 -0.0944483 	 0.0017025
3.84667e-06 	 0.177 	 0.00161311 	 -0.0869209 	 0.00169666
3.85333e-06 	 0.178 	 0.00161085 	 -0.0713157 	 0.0016905
3.86e-06 	 0.179 	 0.0016086 	 -0.0813325 	 0.00168513
3.86667e-06 	 0.18 	 0.00160634 	 -0.0796561 	 0.00167994
3.87333e-06 	 0.181 	 0.0016041 	 -0.0672291 	 0.00167447
3.88e-06 	 0.182 	 0.00160185 	 -0.0845951 	 0.00166948
3.88667e-06 	 0.183 	 0.00159961 	 -0.0827506 	 0.00166432
3.89333e-06 	 0.184 	 0.00159737 	 -0.0785839 	 0.00165864
3.9e-06 	 0.185 	 0.00159514 	 -0.0917763 	 0.00165316
3.90667e-06 	 0.186 	 0.00159291 	 -0.0728955 	 0.00164737
3.91333e-06 	 0.187 	 0.00159068 	 -0.0698422 	 0.00164177
3.92e-06 	 0.188 	 0.00158845 	 -0.0780083 	 0.00163692
3.92667e-06 	 0.189 	 0.00158623 	 -0.0682961 	 0.0016319
3.93333e-06 	 0.19 	 0.00158401 	 -0.0713624 	 0.00162693
3.94e-06 	 0.191 	 0.0015818 	 -0.0831643 	 0.00162219
3.94667e-06 	 0.192 	 0.00157958 	 -0.0737151 	 0.00161694
3.95333e-06 	 0.193 	 0.00157737 	 -0.0679613 	 0.00161161
3.96e-06 	 0.194 	 0.00157517 	 -0.0851713 	 0.00160679
3.96667e-06 	 0.195 	 0.00157296 	 -0.0707268 	 0.00160159
3.97333e-06 	 0.196 	 0.00157076 	 -0.0726091 	 0.0015963
3.98e-06 	 0.197 	 0.00156856 	 0.81131 	 0.00159143
3.98667e-06 	 0.198 	 0.00156637 	 2.6003 	 0.00161652
3.99333e-06 	 0.199 	 0.00156418 	 4.34952 	 0.00173243
4e-06 	 0.2 	 0.00996534 	 6.09338 	 0.00196854
4.00667e-06 	 0.201 	 0.00987606 	 6.92661 	 0.00232332
4.01333e-06 	 0.202 	 0.00978757 	 6.84834 	 0.00276565
4.02e-06 	 0.203 	 0.00969988 	 6.77905 	 0.00323364
4.02667e-06 	 0.204 	 0.00961297 	 6.65173 	 0.00369661
4.03333e-06 	 0.205 	 0.00952684 	 6.39882 	 0.0041529
4.04e-06 	 0.206 	 0.00944149 	 6.10624 	 0.00459628
4.04667e-06 	 0.207 	 0.0093569 	 5.75628 	 0.00502112
4.05333e-06 	 0.208 	 0.00927306 	 5.28325 	 0.00542413
4.06e-06 	 0.209 	 0.00918998 	 4.846 	 0.00579918
4.06667e-06 	 0.21 	 0.00910764 	 4.35801 	 0.00614331
4.07333e-06 	 0.211 	 0.00902604 	 3.78751 	 0.006456
4.08e-06 	 0.212 	 0.00894517 	 3.34031 	 0.00673273
4.08667e-06 	 0.213 	 0.00886502 	 2.86885 	 0.00697489
4.09333e-06 	 0.214 	 0.0087856 	 2.41288 	 0.00718584
4.1e-06 	 0.215 	 0.00870688 	 2.03694 	 0.00736528
4.10667e-06 	 0.216 	 0.00862887 	 1.63749 	 0.00751646
4.11333e-06 	 0.217 	 0.00855156 	 1.28616 	 0.00764129
4.12e-06 	 0.218 	 0.00847494 	 0.954381 	 0.00774062
4.12667e-06 	 0.219 	 0.00839901 	 0.644566 	 0.00781673
4.13333e-06 	 0.22 	 0.00832376 	 0.397593 	 0.00787106
4.14e-06 	 0.221 	 0.00824918 	 0.176804 	 0.00790646
4.14667e-06 	 0.222 	 0.00817527 	 -0.00460486 	 0.00792598
4.15333e-06 	 0.223 	 0.00810202 	 -0.115958 	 0.00793183
4.16e-06 	 0.224 	 0.00802943 	 -0.278666 	 0.00792773
4.16667e-06 	 0.225 	 0.00795749 	 -0.471353 	 0.00791432
4.17333e-06 	 0.226 	 0.00788619 	 -0.56637 	 0.00788884
4.18e-06 	 0.227 	 0.00781554 	 -0.694423 	 0.00785359
4.18667e-06 	 0.228 	 0.00774551 	 -0.780799 	 0.00781075
4.19333e-06 	 0.229 	 0.00767611 	 -0.770595 	 0.00776064
4.2e-06 	 0.23 	 0.00760734 	 -0.856298 	 0.00770793
4.20667e-06 	 0.231 	 0.00753918 	 -0.881702 	 0.00765266
4.21333e-06 	 0.232 	 0.00747163 	 -0.905776 	 0.00759361
4.22e-06 	 0.233 	 0.00740469 	 -0.964662 	 0.00753289
4.22667e-06 	 0.234 	 0.00733835 	 -0.989617 	 0.00746934
4.23333e-06 	 0.235 	 0.0072726 	 -1.04684 	 0.00740295
4.24e-06 	 0.236 	 0.00720744 	 -1.0383 	 0.00733376
4.24667e-06 	 0.237 	 0.00714286 	 -1.03623 	 0.00726292
4.25333e-06 	 0.238 	 0.00707886 	 -1.02419 	 0.00719244
4.26e-06 	 0.239 	 0.00701544 	 -0.998967 	 0.00712244
4.26667e-06 	 0.24 	 0.00695258 	 -1.07145 	 0.00705371
4.27333e-06 	 0.241 	 0.00689029 	 -1.05897 	 0.00698337
4.28e-06 	 0.242 	 0.00682856 	 -1.01009 	 0.00691099
4.28667e-06 	 0.243 	 0.00676738 	 -1.04801 	 0.0068407
4.29333e-06 	 0.244 	 0.00670674 	 -1.01267 	 0.00677078
4.3e-06 	 0.245 	 0.00664665 	 -1.0241 	 0.00670077
4.30667e-06 	 0.246 	 0.0065871 	 -1.07064 	 0.00663157
4.31333e-06 	 0.247 	 0.00652808 	 -1.01103 	 0.0065604
4.32e-06 	 0.248 	 0.0064696 	 -0.9837 	 0.00648968
4.32667e-06 	 0.249 	 0.00641163 	 -0.980148 	 0.00642192
4.33333e-06 	 0.25 	 0.00635418 	 -0.959765 	 0.0063552
4.34e-06 	 0.251 	 0.00629725 	 -0.98316 	 0.00628929
4.34667e-06 	 0.252 	 0.00624083 	 -0.978213 	 0.00622328
4.35333e-06 	 0.253 	 0.00618492 	 -0.964838 	 0.00615665
4.36e-06 	 0.254 	 0.0061295 	 -0.951988 	 0.00609064
4.36667e-06 	 0.255 	 0.00607458 	 -0.92474 	 0.00602551
4.37333e-06 	 0.256 	 0.00602016 	 -0.929638 	 0.00596175
4.38e-06 	 0.257 	 0.00596622 	 -0.909162 	 0.00589875
4.38667e-06 	 0.258 	 0.00591276 	 -0.88695 	 0.00583628
4.39333e-06 	 0.259 	 0.00585979 	 -0.933569 	 0.00577526
4.4e-06 	 0.26 	 0.00580729 	 -0.899498 	 0.00571341
4.40667e-06 	 0.261 	 0.00575526 	 -0.867329 	 0.00565114
4.41333e-06 	 0.262 	 0.00570369 	 -0.88465 	 0.00559111
4.42e-06 	 0.263 	 0.00565259 	 -0.825516 	 0.00553159
4.42667e-06 	 0.264 	 0.00560194 	 -0.845155 	 0.00547349
4.43333e-06 	 0.265 	 0.00555175 	 -0.861322 	 0.00541673
4.44e-06 	 0.266 	 0.00550201 	 -0.821781 	 0.00535876
4.44667e-06 	 0.267 	 0.00545271 	 -0.83646 	 0.00530158
4.45333e-06 	 0.268 	 0.00540386 	 -0.826178 	 0.00524524
4.46e-06 	 0.269 	 0.00535544 	 -0.807011 	 0.00518875
4.46667e-06 	 0.27 	 0.00530746 	 -0.800566 	 0.00513327
4.47333e-06 	 0.271 	 0.00525991 	 -0.7778 	 0.00507865
4.48e-06 	 0.272 	 0.00521278 	 -0.758611 	 0.00502503
4.48667e-06 	 0.273 	 0.00516608 	 -0.758075 	 0.00497283
4.49333e-06 	 0.274 	 0.00511979 	 -0.781728 	 0.00492131
4.5e-06 	 0.275 	 0.00507392 	 -0.774212 	 0.00486899
4.50667e-06 	 0.276 	 0.00502846 	 -0.748437 	 0.00481613
4.51333e-06 	 0.277 	 0.00498341 	 -0.749668 	 0.0047644
4.52e-06 	 0.278 	 0.00493876 	 -0.733019 	 0.00471351
4.52667e-06 	 0.279 	 0.00489451 	 -0.708026 	 0.00466314
4.53333e-06 	 0.28 	 0.00485065 	 -0.727106 	 0.00461418
4.54e-06 	 0.281 	 0.00480719 	 -0.702329 	 0.00456542
4.54667e-06 	 0.282 	 0.00476412 	 -0.676996 	 0.00451686
4.55333e-06 	 0.283 	 0.00472144 	 -0.700055 	 0.00447
4.56e-06 	 0.284 	 0.00467914 	 -0.682482 	 0.00442321
4.56667e-06 	 0.285 	 0.00463721 	 -0.67465 	 0.00437624
4.57333e-06 	 0.286 	 0.00459567 	 -0.677201 	 0.00433014
4.58e-06 	 0.287 	 0.00455449 	 -0.658234 	 0.00428421
4.58667e-06 	 0.288 	 0.00451368 	 -0.64128 	 0.00423884
4.59333e-06 	 0.289 	 0.00447324 	 -0.651636 	 0.00419469
4.6e-06 	 0.29 	 0.00443316 	 -0.65826 	 0.00415077
4.60667e-06 	 0.291 	 0.00439344 	 -0.652594 	 0.00410627
4.61333e-06 	 0.292 	 0.00435408 	 -1.08855 	 0.00406173
4.62e-06 	 0.293 	 0.00431507 	 -1.96662 	 0.00400258
4.62667e-06 	 0.294 	 0.00427641 	 -2.82984 	 0.00389878
4.63333e-06 	 0.295 	 0 	 -3.69659 	 0.00373583
4.64e-06 	 0.296 	 0 	 -4.13861 	 0.0035141
4.64667e-06 	 0.297 	 0 	 -4.09766 	 0.00324791
4.65333e-06 	 0.298 	 0 	 -4.04103 	 0.0029681
4.66e-06 	 0.299 	 0 	 -3.93149 	 0.0026916
4.66667e-06 	 0.3 	 0 	 -3.74914 	 0.00242074
4.67333e-06 	 0.301 	 0 	 -3.53572 	 0.0021598
4.68e-06 	 0.302 	 0 	 -3.27209 	 0.00191231
4.68667e-06 	 0.303 	 0 	 -2.99293 	 0.00168103
4.69333e-06 	 0.304 	 0 	 -2.71371 	 0.00146818
4.7e-06 	 0.305 	 0 	 -2.41968 	 0.00127431
4.70667e-06 	 0.306 	 0 	 -2.14802 	 0.00109991
4.71333e-06 	 0.307 	 0 	 -1.89715 	 0.000944725
4.72e-06 	 0.308 	 0 	 -1.65025 	 0.000807296
4.72667e-06 	 0.309 	 0 	 -1.43285 	 0.000686778
4.73333e-06 	 0.31 	 0 	 -1.24056 	 0.000582034
4.74e-06 	 0.311 	 0 	 -1.05909 	 0.000491209
4.74667e-06 	 0.312 	 0 	 -0.904936 	 0.000413081
4.75333e-06 	 0.313 	 0 	 -0.77225 	 0.000346356
4.76e-06 	 0.314 	 0 	 -0.652828 	 0.000289376
4.76667e-06 	 0.315 	 0 	 -0.550445 	 0.000240961
4.77333e-06 	 0.316 	 0 	 -0.463187 	 0.000200082
4.78e-06 	 0.317 	 0 	 -0.387802 	 0.000165645
4.78667e-06 	 0.318 	 0 	 -0.321863 	 0.000136734
4.79333e-06 	 0.319 	 0 	 -0.267685 	 0.000112624
4.8e-06 	 0.32 	 0 	 -0.223483 	 9.25951e-05
4.80667e-06 	 0.321 	 0 	 -0.18477 	 7.59084e-05
4.81333e-06 	 0.322 	 0 	 -0.151505 	 6.20385e-05
4.82e-06 	 0.323 	 0 	 -0.125539 	 5.0614e-05
4.82667e-06 	 0.324 	 0 	 -0.102403 	 4.12019e-05
4.83333e-06 	 0.325 	 0 	 -0.0836782 	 3.34579e-05
4.84e-06 	 0.326 	 0 	 -0.0684556 	 2.7136e-05
4.84667e-06 	 0.327 	 0 	 -0.0555035 	 2.19675e-05
4.85333e-06 	 0.328 	 0 	 -0.0456279 	 1.77561e-05
4.86e-06 	 0.329 	 0 	 -0.0366746 	 1.43204e-05
4.86667e-06 	 0.33 	 0 	 -0.0300377 	 1.15242e-05
4.87333e-06 	 0.331 	 0 	 -0.024311 	 9.25779e-06
4.88e-06 	 0.332 	 0 	 -0.0192605 	 7.41137e-06
4.88667e-06 	 0.333 	 0 	 -0.0156858 	 5.93109e-06
4.89333e-06 	 0.334 	 0 	 -0.0126257 	 4.74384e-06
4.9e-06 	 0.335 	 0 	 -0.0100484 	 3.782e-06
4.90667e-06 	 0.336 	 0 	 -0.00812924 	 3.01168e-06
4.91333e-06 	 0.337 	 0 	 -0.00647813 	 2.39412e-06
4.92e-06 	 0.338 	 0 	 -0.00518755 	 1.89786e-06
4.92667e-06 	 0.339 	 0 	 -0.00414352 	 1.50153e-06
4.93333e-06 	 0.34 	 0 	 -0.00326298 	 1.18452e-06
4.94e-06 	 0.341 	 0 	 -0.00259887 	 9.32896e-07
4.94667e-06 	 0.342 	 0 	 -0.00207458 	 7.33748e-07
4.95333e-06 	 0.343 	 0 	 -0.00164369 	 5.74974e-07
4.96e-06 	 0.344 	 0 	 -0.00130469 	 4.48651e-07
4.96667e-06 	 0.345 	 0 	 -0.00103042 	 3.48483e-07
4.97333e-06 	 0.346 	 0 	 -0.000810591 	 2.69151e-07
4.98e-06 	 0.347 	 0 	 -0.000637058 	 2.06606e-07
4.98667e-06 	 0.348 	 0 	 -0.000500755 	 1.57424e-07
4.99333e-06 	 0.349 	 0 	 -0.000392678 	 1.18769e-07
5e-06 	 0.35 	 0 	 -0.000307177 	 8.84154e-08
5.00667e-06 	 0.351 	 0 	 -0.000240106 	 6.46388e-08
5.01333e-06 	 0.352 	 0 	 -0.000188975 	 4.60457e-08
5.02e-06 	 0.353 	 0 	 -0.000147967 	 3.14683e-08
5.02667e-06 	 0.354 	 0 	 -0.000106683 	 2.00211e-08
5.03333e-06 	 0.355 	 0 	 -6.70727e-05 	 1.13697e-08
5.04e-06 	 0.356 	 0 	 -3.55678e-05 	 5.46663e-09
5.04667e-06 	 0.357 	 0 	 -1.10105e-05 	 1.97956e-09
5.05333e-06 	 0.358 	 0 	 0 	 3.97128e-10
5.06e-06 	 0.359 	 0 	 0 	 2.30611e-11
5.06667e-06 	 0.36 	 0 	 0 	 2.30611e-11
# MSE  -0.4 6.72028823692e-07
